Appendix 4																																																																	
Statistical parameters of long term ranges on mean monthly air temperature																																																																	
Uzbekistan																																																																	
																																																																	
Country		231	231	231	231	231	231	231	231	231	231	231	231	231	231	231	231	231	231	231	231	231	231	231	231	231	231	231	231	231	231	231	231	231	231	231	231	231	231	231	231	231	231	231	231	231	231	231	231	231	231	231	231	231	231	231	231	231	231	231	231	231	231	231	231
Code		38707	38586	38178	38818	38595		38475	38465	38827		38597	38702	38403	38162	38464	38262	38706	38811	38594	38819	38829	38460	38551	38579	38618	38577	38815	38141	38467	38023	38477	38692	38447	38468	38606	38591	38284	38149	38563	38816	38697	38146	38611	38612	38264	38565	38339	38605	38462	38696	38711	38708	38699	38921	38828		38265	38413	38457	38927	38143	38592	38694	38712
Station		Abramov Glacier	Akaltyn	Akbaital	Akrabat	Almalyk	Amankutan	Andizhan	Angren  	Baisun	Bashkizilsai	Bekabad	Bogarnoe	Buzaubai	Chabankazgan	Charvak	Chimbai	Chimgan	Chimkurgan	Dalverzin	Dehkanabad	Denau	Dukant	Dzhangeldy	Dzhizak	Fergana	Gallyaaral	Guzar	Jaslyk	Kamchik	Karakalpakia	Kassansai	Kattakurgan	Kaunchi	Kizilcha	Kokand	Kokaral	Kulkuduk	Kungrad	Kushrabad	Minchukur	Mubarek	Muinak	Namangan	Nasretdinbek	Nukus	Nurata svh.	Oigaing	Pap	Pskem	Samarkand	Sanzar	Severtsova GL	Shahrisabz	Sherabad	Shurchi	Sukok	Takhiatash	Tamdy	Tashkent	Termez	Tigrovyi Mys	Tuyabuguz	Ulus svh.	Zaamin
Long		71.50	68.73	64.33	66.83	69.60	66.88	72.22	70.18	67.20	69.85	69.27	67.45	62.47	63.17	70.00	59.82	70.00	66.20	69.28	66.50	67.90	70.07	63.33	67.83	71.75	67.58	66.27	57.5	70.52	56.83	71.53	66.27	69.00	70.42	70.95	69.20	63.30	58.93	66.55	66.93	69.15	59.02	71.35	71.93	59.61	65.68	70.88	71.12	70.37	67.00	68.02	67.65	66.83	67.02	67.80	69.68	59.57	64.62	69.30	67.27	58.85	69.40	66.33	68.40
Lat		39.40	40.36	43.15	38.25	40.84	39.23	40.73	41.00	38.20	41.38	40.20	39.93	41.75	41.40	41.60	42.95	41.60	38.83	40.40	38.35	38.27	41.15	40.85	40.11	40.38	40.03	38.62	44.10	41.10	44.95	41.25	39.85	41.08	41.22	40.55	40.68	42.52	43.08	40.23	38.65	39.25	43.47	41.00	40.68	42.45	40.55	42.17	40.88	41.90	39.70	39.72	39.12	39.07	37.67	38.00	41.17	42.34	41.73	41.33	37.23	44.08	40.93	39.62	39.96
Alt		3840	269	273	1599	507	1200	476	942	1241	1277	300	748	97	64	974	65	1670	465	289	937	516	2001	207	344	578	601	523	128	2145	130	889	515	340	2075	399	340	333	60	737	2132	285	68	474	428	75	485	2151	442	1256	726	1313	2780	625	417	448	1351	76	237	477	310	54	404	527	626
F_year		1967	1957	1951	1950	1979	1932	1900	1949	1933	1968	1978	1931	1950	1949	1916	1926	1922	1960	1928	1933	1931	1959	1952	1881	1881	1933	1927	1966	1983	1966	1933	1913	1927	1958	1926	1937	1952	1951	1957	1951	1935	1951	1924	1958	1951	1956	1963	1948	1933	1891	1935	1959	1928	1928	1951	1959	1953	1932	1875	1900	1951	1966	1956	1964
L_year		1998	1991	2000	1999	1999	1964	1999	2002	1999	1999	1998	1999	2003	1993	2001	2002	1999	1999	1999	1999	1999	2001	1993	2003	2003	1999	1999	1993	1999	1993	1987	1999	1999	1992	1999	1999	1991	2003	1999	1999	1999	1993	2003	1999	2003	2003	1999	1999	2003	2003	1999	1999	1999	1999	1999	1999	1993	2003	2003	2003	1993	1999	1999	1992
years		32	35	50	50	21	33	100	54	67	32	21	69	54	45	86	77	78	40	72	67	69	43	42	123	123	67	73	28	17	28	55	87	73	35	74	63	40	53	43	49	65	43	80	42	53	48	37	52	71	113	65	41	72	72	49	41	41	72	129	104	43	34	44	29
% year gaps		0.0	0.0	0.0	0.0	0.0	0.0	4.0	0.0	0.0	0.0	0.0	0.0	3.6	0.0	1.2	0.0	57.7	0.0	1.4	0.0	0.0	0.0	0.0	0.8	0.8	1.5	0.0	3.6	11.8	7.1	1.8	1.1	12.3	0.0	0.0	0.0	7.7	0.0	0.0	0.0	6.1	0.0	0.0	0.0	3.6	0.0	0.0	0.0	0.0	0.9	0.0	0.0	0.0	0.0	0.0	2.4	0.0	0.0	0.0	7.0	3.6	0.0	0.0	0.0
mean	I	-14.3	-1.1	-5.9	-0.5	1.2	0.2	-2.1	0.2	1.4	-1.3	1.2	-0.7	-2.6	-7.2	-1.2	-5.7	-3.7	1.8	-0.2	2.4	3.8	-3.2	0.0	-0.1	-1.9	-2.2	3.1	-6.9	-4.4	-7.8	-1.5	0.0	-1.5	-5.2	-1.5	-1.3	-2.2	-5.1	-1.3	-3.2	1.7	-5.6	-1.6	-1.6	-4.6	0.4	-10.4	-0.9	-3.5	0.6	-2.0	-7.4	2.0	4.2	3.3	-0.4	-4.0	-2.3	0.0	2.9	-6.2	-0.2	1.1	0.2
mean	II	-13.7	1.2	-3.4	0.2	3.3	2.4	1.3	1.6	3.1	-0.2	2.8	1.3	0.0	-5.5	0.4	-4.1	-2.6	3.9	2.8	4.4	6.2	-2.9	2.5	2.2	1.1	0.6	5.4	-7.2	-4.9	-7.9	0.9	2.4	1.3	-4.8	1.7	1.4	-0.1	-3.5	0.6	-2.7	4.2	-5.4	1.5	1.1	-2.6	2.1	-9.5	2.0	-2.2	2.9	-0.6	-6.8	4.4	7.0	5.6	0.3	-2.5	0.4	2.2	6.2	-6.4	1.8	3.3	1.6
mean	III	-9.6	8.2	3.9	4.1	8.2	4.9	8.1	6.4	6.9	4.4	8.8	6.1	6.6	2.6	5.4	2.8	1.0	9.2	8.8	8.4	10.7	0.8	8.1	8.0	7.8	6.1	9.8	0.2	-2.0	-0.1	6.6	7.5	7.7	-1.0	8.5	7.5	5.3	2.8	6.1	0.8	9.2	0.5	8.6	8.2	4.2	7.9	-4.9	8.8	2.1	7.6	3.9	-3.1	9.0	11.6	10.7	4.2	4.4	6.5	8.0	11.4	-0.3	8.3	8.3	7.5
mean	IV	-4.2	15.7	14.1	10.5	16.0	11.0	15.7	13.3	13.0	11.4	16.4	13.2	15.6	13.2	12.9	12.8	8.0	16.2	16.0	14.6	17.1	7.2	16.7	15.1	15.5	13.1	16.7	11.1	4.9	11.3	13.8	14.5	15.1	5.3	16.4	14.8	14.6	12.8	13.1	6.9	16.8	10.1	16.2	16.1	14.0	15.8	1.5	16.5	9.6	14.2	10.6	2.8	15.5	18.7	17.1	11.0	14.0	15.3	14.8	18.5	9.4	15.9	15.4	15.0
mean	V	-1.2	21.3	20.9	15.4	20.7	16.2	21.1	18.3	18.1	15.6	21.1	18.7	22.5	20.6	17.5	20.0	12.9	21.6	21.5	20.3	22.3	11.6	23.3	21.2	20.6	18.4	22.5	18.6	9.4	18.9	18.8	20.3	20.5	9.7	21.6	20.4	21.4	20.0	18.0	11.5	23.4	18.4	21.5	21.0	21.1	22.1	7.4	21.7	14.3	19.5	15.2	7.0	20.8	24.8	22.5	15.4	21.1	22.3	20.2	24.3	17.8	20.8	20.7	20.5
mean	VI	2.9	25.8	26.9	21.4	26.4	21.3	25.5	23.6	23.4	21.0	26.3	24.6	28.4	26.2	22.2	24.9	17.9	27.4	26.1	25.8	27.1	16.9	29.2	26.4	25.1	24.0	27.8	24.7	14.4	24.6	22.9	25.6	25.5	14.7	25.8	25.2	27.1	24.9	24.3	17.0	28.9	24.2	25.8	25.6	26.3	28.4	11.9	26.1	18.5	24.0	20.2	11.7	26.0	29.9	27.1	21.0	26.0	27.9	25.0	28.4	23.9	26.1	26.6	26.5
mean	VII	6.3	26.8	29.5	24.3	28.3	24.5	26.9	25.6	25.8	23.6	27.6	27.3	31.1	29.0	25.3	26.9	20.6	29.2	26.9	28.3	28.6	19.5	31.8	28.5	27.1	26.8	29.9	27.6	17.9	27.7	25.4	28.0	27.1	17.6	27.6	26.7	29.6	27.1	27.3	19.9	31.7	26.9	27.3	26.6	28.5	30.6	15.0	27.7	22.0	26.0	23.4	14.3	28.5	31.8	28.3	23.4	28.4	30.5	27.2	30.4	27.0	27.6	28.9	28.6
mean	VIII	6.4	24.1	26.9	23.0	26.2	22.9	24.9	24.5	24.5	22.1	24.9	25.5	28.7	26.1	24.2	24.5	20.0	26.8	24.6	26.7	26.3	18.7	29.3	26.5	25.3	24.6	28.2	24.9	17.4	25.0	24.0	25.9	24.7	17.0	25.8	24.1	27.2	24.9	25.5	18.9	29.4	25.0	25.3	24.4	26.0	28.4	15.1	25.8	21.7	24.2	22.2	13.6	26.7	29.6	25.8	22.2	25.8	28.1	25.2	28.2	25.0	25.5	27.2	26.6
mean	IX	2.4	19.1	20.0	18.0	21.0	18.0	19.9	19.3	19.3	17.2	20.0	20.1	21.8	19.1	19.2	18.0	14.8	21.0	19.4	21.2	21.5	14.3	23.2	20.9	20.0	18.3	23.0	17.9	12.8	17.6	19.0	20.1	19.4	12.7	20.4	18.5	21.3	18.4	19.5	14.1	22.7	19.0	20.3	19.4	19.5	22.5	10.3	20.8	16.5	19.3	17.1	9.2	21.0	24.5	21.0	17.5	19.7	21.4	19.7	22.5	18.7	20.7	21.5	21.5
mean	X	-3.6	12.7	11.0	11.5	14.3	12.2	13.1	12.6	13.1	10.9	13.8	13.0	13.0	9.7	12.8	10.2	8.5	14.3	13.4	14.4	15.7	7.9	14.6	13.8	12.9	11.1	16.1	8.9	5.8	8.7	12.6	12.9	12.8	6.1	13.3	12.1	12.6	10.4	11.9	8.0	14.7	10.6	13.7	12.6	11.2	14.7	3.5	13.8	9.9	12.9	10.5	3.6	14.3	18.1	15.1	11.3	11.3	13.1	12.9	15.9	10.1	14.2	14.0	14.2
mean	XI	-8.3	6.4	2.7	6.2	8.3	5.6	6.0	6.5	7.8	5.8	8.7	6.0	4.9	1.7	6.5	2.4	3.0	8.7	6.9	8.6	10.2	3.0	7.5	7.0	5.9	4.4	9.8	1.9	1.1	1.6	5.7	6.5	6.1	0.8	5.8	5.3	5.4	2.9	5.7	3.2	7.5	3.1	6.3	5.6	3.6	7.6	-3.4	6.6	3.4	7.2	4.7	-1.0	8.7	11.5	9.5	6.1	4.0	4.9	6.9	10.0	3.0	7.9	7.9	8.1
mean	XII	-11.7	1.4	-3.3	2.2	4.0	2.3	0.6	2.6	3.9	1.9	3.2	1.4	-0.5	-4.1	1.3	-3.4	-1.0	4.2	1.8	4.6	5.9	-0.5	2.4	2.2	0.6	0.1	5.2	-3.2	-3.3	-3.4	0.8	2.0	0.9	-2.7	0.5	0.5	0.3	-1.9	1.3	-0.5	2.8	-2.2	0.5	0.5	-2.0	2.6	-7.7	1.2	-1.1	3.0	0.5	-4.5	4.3	6.5	5.3	2.4	-1.4	-0.5	2.2	5.2	-2.7	2.7	3.4	3.1
STD	I	1.32	3.69	3.59	2.29	2.00	2.70	3.02	2.63	2.42	2.35	1.71	2.91	3.40	3.94	2.54	3.65	1.82	3.09	3.76	3.05	2.76	2.33	3.58	3.60	3.01	3.29	3.27	4.16	4.04	4.48	2.58	3.39	3.52	2.37	2.77	3.17	3.63	3.49	3.26	2.07	2.64	3.58	3.11	2.73	3.57	3.56	1.70	2.53	2.13	3.06	2.29	2.17	3.08	2.69	2.56	2.47	3.59	3.46	3.44	3.00	3.74	3.24	2.94	3.37
STD	II	1.64	4.62	4.48	2.90	3.55	2.26	3.11	3.41	2.65	3.15	2.69	3.58	4.02	4.80	2.94	4.56	2.71	3.64	4.23	3.03	2.88	2.69	3.81	3.54	3.13	3.92	3.29	4.52	2.43	4.23	3.15	3.27	3.81	2.69	3.13	4.04	3.74	3.97	4.03	2.54	2.89	4.24	3.36	3.60	4.16	4.16	2.21	3.43	2.67	3.01	2.98	2.63	3.11	2.78	3.15	3.10	3.92	4.00	3.44	2.49	4.42	4.10	3.71	3.96
STD	III	2.01	1.99	2.79	1.86	1.45	2.21	1.96	1.94	1.88	1.70	1.40	2.13	2.47	3.06	2.30	2.97	1.92	1.80	2.13	1.98	1.94	1.93	2.49	2.23	2.11	1.95	2.12	3.42	1.57	3.08	2.17	1.93	2.02	1.79	1.89	2.01	2.32	2.95	1.79	1.74	2.03	3.20	2.05	1.68	2.87	2.23	1.36	1.69	1.95	2.18	1.95	1.98	1.94	2.00	1.70	1.97	2.77	2.47	2.32	1.98	3.63	1.71	1.78	1.88
STD	IV	1.41	1.51	2.26	1.49	1.62	1.94	1.49	1.51	1.51	1.41	1.47	1.59	1.88	1.84	2.04	2.01	1.88	1.44	1.55	1.64	1.51	1.70	1.81	1.60	1.48	1.38	1.64	1.86	1.86	1.93	1.45	1.60	1.59	1.48	1.45	1.61	1.94	2.15	1.42	1.57	1.61	2.03	1.52	1.31	2.13	1.78	1.85	1.35	1.74	1.55	1.55	1.93	1.55	1.57	1.24	1.57	1.86	1.88	1.65	1.57	2.93	1.44	1.57	1.57
STD	V	1.14	1.63	1.56	1.64	1.47	1.48	1.42	1.67	1.90	1.22	1.37	1.64	1.67	1.60	1.86	1.39	1.48	1.48	1.45	1.88	1.67	1.70	1.60	1.61	1.43	1.42	1.69	1.41	1.43	1.46	1.24	1.66	1.36	1.52	1.26	1.47	1.70	1.41	1.48	1.62	1.48	1.41	1.48	1.24	1.44	1.77	1.45	1.25	1.37	1.52	1.34	1.85	1.60	1.69	1.38	1.38	1.37	1.69	1.53	1.53	1.91	1.27	1.53	1.68
STD	VI	1.18	0.79	1.38	1.28	1.13	1.29	1.12	1.07	1.43	1.10	0.89	1.27	1.39	1.46	2.02	1.58	1.32	0.97	1.07	1.27	1.34	1.38	1.40	1.24	1.20	1.29	1.18	1.25	1.19	1.37	1.28	1.45	1.07	1.17	1.18	1.08	1.52	1.58	1.26	1.19	1.27	1.42	1.22	0.79	1.45	1.47	1.00	0.94	1.25	1.21	1.24	1.59	1.43	1.13	0.83	1.09	2.33	1.66	1.26	1.09	1.55	0.89	1.09	1.17
STD	VII	1.44	0.79	1.26	1.38	0.80	1.05	1.02	1.04	3.37	1.16	0.63	1.10	1.20	1.45	1.95	1.36	1.54	1.07	3.41	1.21	0.90	1.35	1.30	1.03	1.17	1.07	1.03	1.49	1.50	1.52	1.31	1.26	0.94	1.44	1.11	1.37	1.38	1.36	1.30	1.42	1.18	1.31	0.98	0.78	1.22	1.44	1.48	0.97	1.51	1.02	1.37	1.86	1.24	0.90	0.73	1.23	1.18	1.30	1.04	0.89	1.60	0.87	1.16	1.09
STD	VIII	1.40	0.77	1.35	1.37	0.90	0.90	0.94	0.96	1.52	1.28	0.91	1.01	1.41	1.18	1.98	1.22	1.37	1.10	1.02	1.14	1.00	1.22	1.17	1.10	1.17	0.88	0.99	1.26	1.45	1.43	1.01	1.25	1.01	1.31	1.19	1.30	1.18	1.28	1.29	1.44	1.19	0.97	0.99	0.89	1.27	1.26	1.45	0.97	1.21	1.04	1.06	2.20	1.16	1.07	0.90	1.16	0.95	1.28	1.10	1.14	1.08	1.01	1.10	0.97
STD	IX	1.32	0.74	1.21	1.21	1.03	1.10	0.93	1.07	1.31	1.13	0.89	1.10	1.17	1.35	2.09	1.22	1.64	1.00	1.04	1.25	1.11	1.41	1.17	1.10	1.09	1.04	1.14	1.48	1.41	1.49	1.01	1.49	1.09	1.34	1.20	0.89	1.35	1.18	1.12	1.25	1.07	1.29	0.99	0.87	1.17	1.64	1.14	0.91	1.14	1.12	1.08	1.96	1.19	1.01	0.87	1.26	1.24	1.28	1.17	1.05	1.72	0.96	1.15	0.96
STD	X	1.30	1.23	2.13	1.54	1.77	1.93	1.50	1.65	1.81	1.58	1.42	1.72	1.92	1.68	2.41	1.80	1.65	1.46	1.54	1.71	1.55	1.74	1.59	1.70	1.44	1.49	1.68	1.65	1.89	1.61	1.58	1.68	1.50	1.57	1.52	1.40	1.70	1.71	1.52	1.50	1.66	1.62	1.40	1.22	1.81	1.93	1.61	1.28	1.59	1.61	1.70	2.39	1.56	1.58	1.41	1.65	1.52	1.93	1.76	1.53	2.31	1.48	1.45	1.66
STD	XI	1.69	2.42	2.89	2.51	2.73	2.62	2.13	2.78	2.14	2.50	3.39	2.67	2.81	2.81	3.16	2.51	2.40	2.22	2.75	2.88	2.38	2.35	2.61	2.48	1.92	2.41	2.65	2.34	2.09	2.59	2.16	2.47	2.32	2.28	2.12	2.53	2.65	2.54	2.36	2.24	2.49	2.23	2.15	1.97	2.51	2.97	2.11	2.04	2.37	2.41	2.49	2.18	2.54	2.35	2.02	2.60	2.58	2.82	2.49	2.16	2.90	2.61	2.35	2.55
STD	XII	1.81	3.47	3.81	2.37	2.21	2.06	2.73	2.86	2.21	2.76	3.07	3.01	3.40	3.79	3.05	3.48	2.74	2.58	3.91	2.94	2.71	2.22	2.79	3.40	2.44	3.09	3.17	2.92	2.49	2.95	2.56	3.21	3.38	2.20	2.42	3.46	2.81	2.63	2.84	2.01	2.88	2.79	2.65	2.31	3.18	2.97	2.17	2.34	2.25	2.80	2.59	2.52	2.75	2.69	2.25	2.60	3.02	3.55	3.13	2.58	2.79	3.07	2.56	3.38
MIN	I	-16.4	-10.6	-16.1	-6.2	-1.8	-7.5	-10.0	-6.7	-5.4	-6.6	-1.8	-8.6	-13.3	-17.4	-7.9	-15.5	-7.6	-7.0	-10.3	-7.6	-5.1	-8.3	-8.4	-9.3	-8.6	-11.1	-6.0	-17.3	-8.3	-18.1	-7.0	-10.8	-9.5	-10.2	-7.7	-10.0	-10.5	-17.1	-9.2	-8.8	-6.2	-17.2	-8.4	-10.0	-15.3	-11.6	-14.1	-7.6	-10.3	-7.5	-6.8	-12.9	-7.1	-3.2	-3.2	-6.0	-15.1	-13.4	-8.3	-5.3	-17.3	-8.6	-5.9	-7.6
MIN	II	-17.5	-12.4	-14.8	-7.7	-6.2	-1.7	-8.6	-7.0	-6.1	-7.8	-5.1	-8.4	-12.9	-16.0	-8.4	-17.3	-8.9	-8.7	-10.0	-6.4	-3.8	-9.4	-9.1	-8.9	-8.9	-11.6	-5.2	-16.7	-11.2	-15.7	-8.0	-8.4	-10.3	-10.8	-9.0	-10.9	-9.6	-12.6	-11.6	-9.3	-3.7	-15.3	-9.2	-10.1	-11.9	-11.6	-14.6	-8.2	-11.1	-7.0	-9.0	-12.6	-5.8	-3.6	-5.1	-7.1	-10.8	-12.9	-7.6	-2.3	-16.7	-9.2	-7.0	-8.1
MIN	III	-12.6	2.8	-2.0	0.5	5.4	1.0	3.1	1.8	3.5	1.1	6.1	0.8	1.3	-4.5	0.4	-2.7	-2.8	4.2	3.6	4.4	7.1	-2.7	2.2	2.4	1.9	1.0	4.9	-6.3	-4.4	-5.6	3.2	3.4	2.7	-4.1	4.9	2.4	-0.2	-2.9	1.5	-2.7	4.5	-6.0	3.9	4.4	-1.6	1.3	-7.9	5.1	-1.7	1.3	-0.3	-6.8	4.6	6.8	7.1	0.1	-1.2	0.1	1.7	5.8	-8.6	3.6	3.4	3.9
MIN	IV	-8.0	12.8	10.5	7.5	13.4	7.9	12.1	10.6	8.8	8.5	13.6	9.8	12.5	9.6	8.5	9.3	4.4	13.6	12.4	10.9	13.2	3.8	13.9	11.3	11.7	10.4	12.9	6.5	1.7	6.5	10.9	9.9	11.4	2.2	13.3	10.7	11.1	9.0	10.5	3.8	13.2	6.2	13.2	13.6	10.8	12.6	-2.0	14.0	5.8	10.4	6.2	-0.5	12.0	15.0	14.5	8.1	10.8	11.8	10.9	15.0	3.2	13.0	12.5	12.3
MIN	V	-4.0	18.3	17.7	11.7	17.6	12.1	16.9	14.7	13.6	12.6	18.2	14.1	19.0	16.9	13.9	16.4	9.5	17.9	16.9	13.9	16.7	8.4	19.9	16.5	16.7	14.5	17.1	16.0	6.8	16.6	15.5	15.8	17.4	6.6	17.7	17.1	18.4	16.8	14.7	7.9	19.6	14.5	17.2	18.8	18.4	18.0	4.3	18.7	11.5	15.8	11.9	3.7	15.7	19.5	18.8	11.9	18.6	18.1	16.1	20.1	12.4	17.6	17.1	16.1
MIN	VI	0.5	24.6	23.6	18.6	25.1	18.3	22.1	20.9	20.5	19.4	24.9	21.0	25.6	23.0	18.8	21.7	14.7	25.9	23.2	22.9	22.5	14.6	26.3	23.3	22.1	20.4	24.0	22.6	12.4	22.2	20.0	22.2	22.0	12.8	23.1	23.2	24.0	21.9	22.3	14.5	26.1	22.1	22.1	23.8	23.7	24.1	10.0	23.9	15.5	20.7	17.0	9.2	22.2	26.4	25.0	19.2	23.9	24.2	21.7	25.0	20.9	24.9	25.1	25.0
MIN	VII	2.9	25.1	26.7	21.2	26.8	22.4	24.5	23.4	22.7	20.3	26.0	24.7	28.3	26.2	21.1	23.7	18.2	26.4	25.4	25.7	26.7	16.3	28.7	26.0	24.0	24.1	27.6	25.1	15.1	24.8	22.8	25.4	24.7	14.2	25.2	24.1	26.9	24.1	24.1	16.7	29.1	24.5	25.0	24.6	25.6	27.3	11.9	25.2	18.6	23.3	19.5	10.6	25.9	29.6	26.0	20.6	26.0	27.6	24.8	28.1	24.4	25.4	26.3	26.1
MIN	VIII	4.1	22.4	24.5	20.1	24.8	21.4	22.9	22.5	20.8	19.3	23.1	23.1	26.0	24.1	20.9	22.3	17.3	24.3	22.4	24.4	24.1	16.3	26.9	23.4	22.8	22.7	25.9	22.9	15.2	22.4	22.1	23.2	21.9	14.5	23.4	21.3	25.4	22.2	22.5	15.9	26.1	23.4	22.6	22.6	23.4	25.9	12.7	23.8	19.1	21.5	19.6	10.2	24.5	27.0	22.7	19.9	24.2	25.6	22.2	23.8	22.9	23.5	24.8	24.7
MIN	IX	-0.5	17.2	17.3	14.9	18.2	15.6	17.7	15.7	15.8	14.1	17.8	17.1	18.9	16.1	15.6	14.9	11.3	18.4	17.2	17.0	18.9	11.2	20.2	18.0	16.6	15.4	19.6	14.5	9.3	14.7	16.9	15.9	17.0	11.1	17.9	16.1	18.1	15.4	16.7	11.0	20.3	15.5	17.4	17.5	16.6	19.5	8.3	18.4	13.9	16.0	14.4	6.2	18.2	21.4	19.0	14.1	16.8	18.0	17.0	18.6	14.5	18.3	19.0	19.0
MIN	X	-8.0	9.7	6.2	7.5	9.9	8.2	9.2	8.3	9.1	6.3	10.7	8.5	9.2	5.8	8.1	6.0	4.0	10.7	10.0	9.4	11.6	3.2	10.8	9.0	9.0	7.8	11.2	4.6	1.6	5.1	8.3	8.4	9.2	1.9	10.0	8.9	8.5	6.8	8.6	4.7	10.2	6.9	10.0	9.6	7.3	10.2	0.3	10.5	5.9	8.3	6.2	-3.5	9.9	14.2	11.5	6.3	8.0	9.1	8.3	12.3	4.6	10.2	10.5	9.7
MIN	XI	-12.5	2.3	-4.3	1.2	2.5	1.2	0.4	1.0	3.2	1.0	3.9	0.7	-2.4	-4.7	0.8	-4.4	-2.1	4.4	0.6	2.9	5.7	-3.0	1.6	1.5	0.3	-0.1	4.3	-5.9	-1.2	-7.4	1.8	1.1	1.9	-4.3	1.6	-1.0	-0.8	-5.1	0.4	-2.0	2.4	-4.7	1.8	1.5	-2.4	0.7	-7.3	2.7	-2.0	2.3	-0.6	-5.9	2.2	6.6	5.3	-0.2	-3.4	-2.2	1.4	4.9	-5.9	2.6	2.5	2.5
MIN	XII	-15.1	-10.6	-13.5	-4.3	-0.8	-3.6	-9.4	-6.4	-2.5	-6.8	-7.7	-8.1	-9.9	-13.3	-6.9	-13.8	-7.8	-3.6	-10.6	-3.9	-2.3	-7.6	-6.4	-9.5	-7.3	-9.3	-3.3	-12.4	-10.2	-12.4	-7.3	-8.4	-9.6	-10.0	-7.3	-10.7	-8.0	-8.7	-9.1	-6.2	-5.5	-12.1	-8.6	-2.9	-11.0	-4.6	-14.8	-7.3	-8.0	-5.3	-7.5	-10.5	-3.1	-1.0	-1.3	-6.1	-10.3	-11.0	-6.8	-3.0	-12.4	-8.7	-4.5	-7.8
MAX	I	-12.3	3.7	0.2	5.9	4.9	5.0	4.7	5.9	7.1	2.6	4.0	5.1	2.7	-1.7	2.9	0.8	-0.3	6.3	5.5	8.8	9.8	1.7	5.3	5.9	5.5	2.5	9.9	-1.9	5.3	-2.5	3.5	6.0	3.6	-1.0	5.7	7.6	3.8	0.6	3.6	2.6	5.7	-0.4	4.4	1.9	1.5	5.9	-7.8	3.3	0.2	6.6	3.4	-2.9	8.3	10.1	8.5	4.8	0.8	4.7	5.7	8.0	-0.4	4.7	6.0	5.9
MAX	II	-11.4	7.5	4.5	5.1	9.1	6.2	6.4	7.1	8.2	5.1	5.7	7.0	6.4	3.0	5.6	4.1	1.9	10.0	8.8	9.3	11.3	1.8	8.2	8.6	6.9	9.4	11.2	-0.3	-1.0	-1.0	6.1	8.4	7.5	-0.4	6.8	6.9	5.8	3.6	6.7	2.2	10.3	1.5	7.0	6.1	4.9	9.1	-5.6	7.1	2.1	9.7	5.0	0.1	10.2	12.1	10.5	5.5	4.0	7.7	8.7	11.0	0.4	8.2	12.3	6.6
MAX	III	-2.2	12.1	13.6	9.0	11.1	9.5	13.4	10.8	11.6	8.1	11.6	11.4	15.6	13.3	11.2	12.7	6.0	13.2	14.1	12.8	15.1	5.9	16.0	13.1	12.7	10.6	14.8	10.0	0.6	7.8	12.0	11.7	12.6	4.0	13.6	12.0	9.8	11.7	9.6	5.5	14.0	10.7	13.7	11.8	13.3	11.8	-2.5	13.1	7.8	13.3	8.6	0.8	13.7	16.3	14.3	8.9	13.7	13.4	13.2	17.2	10.0	11.5	12.6	11.3
MAX	IV	-2.1	18.3	22.0	13.4	19.3	17.0	18.6	16.5	16.5	13.6	18.7	16.6	19.9	17.0	19.8	18.8	11.4	19.3	18.9	18.6	20.2	10.3	20.4	19.0	18.8	16.3	20.4	14.7	7.4	14.8	17.1	18.1	17.6	8.6	19.5	17.8	18.7	19.2	15.9	9.8	20.0	14.5	19.6	18.6	20.3	19.3	5.8	19.3	15.3	18.2	13.7	8.6	19.1	21.9	19.6	13.8	17.7	20.5	18.4	22.6	14.7	18.6	19.0	18.5
MAX	V	1.1	26.9	25.7	18.9	22.8	19.3	24.3	22.7	23.1	17.2	22.9	22.4	27.9	25.0	24.4	24.3	15.6	24.7	24.9	24.3	25.5	16.0	28.2	25.8	24.5	21.6	26.3	21.0	12.4	21.4	21.4	24.6	23.6	13.5	24.2	23.9	27.0	23.9	21.2	15.0	27.3	21.7	25.4	24.0	25.2	26.5	9.9	24.3	17.8	24.4	18.2	11.5	23.8	28.3	25.2	17.7	25.0	27.1	24.9	28.7	21.0	22.8	24.2	22.9
MAX	VI	5.3	27.6	29.9	24.1	29.1	24.2	27.7	26.3	27.5	23.5	28.3	27.5	31.7	29.7	29.6	30.1	21.0	29.7	28.6	28.8	30.0	21.0	32.7	29.4	27.6	26.9	30.3	27.4	16.2	27.2	25.6	29.0	28.2	17.6	29.4	28.1	30.6	28.2	27.0	19.4	32.4	27.7	28.6	27.6	29.5	32.2	14.0	28.6	21.6	26.8	23.0	15.3	29.2	32.9	29.0	23.5	29.8	33.1	28.2	30.7	27.4	28.0	29.1	28.9
MAX	VII	8.8	28.4	32.6	27.3	29.6	26.6	29.4	28.2	31.1	25.5	28.5	30.1	33.7	32.2	31.7	29.7	23.6	31.2	29.0	31.0	30.4	21.8	34.8	30.9	29.3	29.6	32.7	30.4	20.3	30.6	28.5	30.4	28.6	20.4	30.4	30.2	33.0	30.1	30.2	23.5	34.7	30.2	29.0	28.0	31.5	33.2	18.2	30.0	25.7	28.3	27.1	18.8	31.2	34.8	30.1	25.6	31.1	33.7	29.9	32.8	30.4	29.1	31.8	30.4
MAX	VIII	10.1	25.7	30.1	26.9	28.0	24.6	27.0	26.4	28.2	24.9	26.7	27.6	32.6	29.3	31.5	27.6	23.5	29.8	27.3	30.2	28.6	21.8	32.4	29.2	29.3	26.7	30.9	27.2	20.6	28.7	26.2	29.1	27.5	20.8	28.8	27.7	30.4	28.3	29.0	22.9	32.2	27.2	27.6	26.6	28.9	31.6	19.7	27.6	25.2	27.1	25.4	19.3	30.0	32.6	27.8	25.2	28.1	31.3	27.8	30.4	27.2	27.8	29.3	28.8
MAX	IX	5.0	20.7	22.8	21.8	22.5	21.2	21.8	22.2	22.1	19.2	21.4	23.4	24.6	22.0	26.9	20.7	17.4	22.8	21.3	24.8	24.0	18.2	26.0	23.8	22.8	21.2	26.4	20.6	14.3	20.8	22.2	23.8	21.5	16.9	23.4	20.5	24.2	20.9	22.4	18.0	26.4	22.3	22.4	21.3	22.1	25.3	12.9	22.9	20.3	21.7	20.5	14.4	24.0	27.2	23.4	20.9	22.5	24.3	23.1	25.0	22.9	22.4	25.2	23.7
MAX	X	-1.1	15.4	18.5	15.1	18.4	16.2	16.9	16.6	17.6	14.5	17.2	17.6	18.3	13.8	19.6	16.3	12.8	17.7	17.2	18.1	19.1	12.1	17.8	17.9	16.6	14.8	19.8	12.0	10.0	12.3	16.2	17.5	17.0	10.1	17.9	15.2	16.0	15.9	16.2	11.5	18.3	14.7	17.2	15.6	16.8	20.6	7.4	17.1	13.8	17.1	14.7	10.0	18.3	21.3	18.0	15.1	14.7	19.6	17.2	20.0	15.3	18.4	17.4	17.3
MAX	XI	-5.1	10.8	7.4	10.7	12.5	10.4	11.6	11.5	12.5	9.7	19.1	10.9	9.8	5.9	16.5	7.5	7.4	13.3	12.5	14.5	15.8	7.3	11.7	12.5	10.2	9.9	14.6	4.6	4.3	4.5	9.8	11.3	10.7	5.3	10.9	10.8	9.4	7.3	9.9	6.7	12.5	6.6	10.5	9.4	7.9	12.3	0.1	10.7	7.9	13.0	9.4	5.0	13.7	16.3	13.7	10.3	7.5	10.4	12.2	14.6	13.0	13.5	11.8	12.6
MAX	XII	-8.0	6.7	2.4	6.6	7.0	5.4	7.3	7.6	7.8	5.8	6.1	6.5	4.7	2.6	7.3	2.6	3.5	8.2	7.9	9.3	9.9	2.8	6.5	7.8	4.7	5.1	10.9	1.0	-0.4	0.5	5.5	7.0	6.2	0.7	4.9	5.9	4.8	3.1	5.5	4.0	7.3	2.3	4.5	3.5	3.2	7.5	-4.3	4.7	3.2	7.9	4.5	2.7	8.6	10.5	8.6	6.4	3.4	5.4	7.5	9.4	1.3	6.8	7.6	7.9
Utmin	I	-1.623	-2.567	-2.830	-2.466	-1.517	-2.855	-2.626	-2.651	-2.792	-2.273	-1.754	-2.731	-3.130	-2.593	-2.643	-2.679	-2.145	-2.852	-2.676	-3.268	-3.227	-2.204	-2.336	-2.549	-2.241	-2.715	-2.785	-2.502	-0.962	-2.300	-2.130	-3.186	-2.277	-2.114	-2.228	-2.749	-2.266	-3.426	-2.425	-2.703	-2.980	-3.249	-2.186	-3.066	-3.006	-3.357	-2.151	-2.659	-3.179	-2.650	-2.115	-2.529	-2.963	-2.750	-2.556	-2.271	-3.092	-3.209	-2.402	-2.729	-2.978	-2.580	-2.381	-2.311
Utmin	II	-2.332	-2.946	-2.534	-2.722	-2.661	-1.837	-3.183	-2.541	-3.454	-2.403	-2.951	-2.711	-3.211	-2.188	-2.995	-2.903	-2.313	-3.472	-3.026	-3.557	-3.479	-2.432	-3.040	-3.124	-3.181	-3.119	-3.226	-2.109	-2.578	-1.849	-2.830	-3.313	-3.059	-2.230	-3.430	-3.034	-2.532	-2.297	-3.034	-2.595	-2.720	-2.340	-3.172	-3.120	-2.239	-3.286	-2.321	-2.986	-3.328	-3.292	-2.808	-2.196	-3.269	-3.813	-3.411	-2.393	-2.122	-3.331	-2.861	-3.417	-2.341	-2.677	-2.790	-2.446
Utmin	III	-1.497	-2.718	-2.117	-1.948	-1.919	-1.750	-2.547	-2.374	-1.821	-1.956	-1.937	-2.505	-2.138	-2.334	-2.163	-1.862	-1.987	-2.789	-2.457	-2.004	-1.876	-1.835	-2.355	-2.487	-2.820	-2.617	-2.313	-1.915	-1.548	-1.785	-1.562	-2.148	-2.483	-1.749	-1.906	-2.553	-2.347	-1.935	-2.556	-1.983	-2.311	-2.044	-2.295	-2.245	-2.020	-2.968	-2.177	-2.173	-1.960	-2.875	-2.129	-1.911	-2.258	-2.387	-2.084	-2.102	-2.013	-2.583	-2.716	-2.810	-2.285	-2.724	-2.766	-1.884
Utmin	IV	-2.675	-1.904	-1.601	-2.010	-1.611	-1.598	-2.407	-1.767	-2.763	-2.039	-1.881	-2.153	-1.637	-1.937	-2.161	-1.738	-1.909	-1.783	-2.296	-2.272	-2.581	-2.023	-1.554	-2.385	-2.586	-1.939	-2.298	-2.433	-1.726	-2.463	-2.009	-2.851	-2.348	-2.071	-2.137	-2.554	-1.790	-1.746	-1.835	-1.996	-2.219	-1.907	-1.976	-1.879	-1.535	-1.799	-1.876	-1.840	-2.199	-2.469	-2.836	-1.720	-2.253	-2.328	-2.137	-1.864	-1.728	-1.879	-2.359	-2.204	-2.127	-1.985	-1.828	-1.701
Utmin	V	-2.487	-1.825	-2.066	-2.287	-2.097	-2.772	-2.938	-2.156	-2.400	-2.413	-2.091	-2.822	-2.070	-2.298	-1.944	-2.611	-2.285	-2.514	-3.159	-3.420	-3.389	-1.872	-2.125	-2.892	-2.740	-2.719	-3.209	-1.901	-1.817	-1.549	-2.646	-2.719	-2.317	-2.050	-3.052	-2.214	-1.790	-2.298	-2.269	-2.263	-2.549	-2.781	-2.882	-1.780	-1.913	-2.336	-2.129	-2.359	-2.083	-2.472	-2.513	-1.749	-3.190	-3.133	-2.663	-2.544	-1.846	-2.479	-2.654	-2.755	-2.839	-2.554	-2.356	-2.601
Utmin	VI	-2.042	-1.522	-2.406	-2.147	-1.175	-2.392	-3.012	-2.469	-2.065	-1.422	-1.543	-2.786	-2.022	-2.169	-1.705	-2.028	-2.401	-1.507	-2.758	-2.283	-3.428	-1.666	-2.089	-2.496	-2.501	-2.768	-3.217	-1.709	-1.708	-1.777	-2.251	-2.347	-3.275	-1.621	-2.326	-1.855	-2.048	-1.929	-1.585	-2.107	-2.208	-1.459	-3.055	-2.240	-1.782	-2.890	-1.856	-2.295	-2.440	-2.760	-2.620	-1.543	-2.680	-3.117	-2.531	-1.629	-1.920	-2.248	-2.631	-3.099	-1.940	-1.301	-1.382	-1.266
Utmin	VII	-2.327	-2.165	-2.184	-2.229	-1.903	-1.949	-2.374	-2.129	-2.095	-2.815	-2.544	-2.381	-2.310	-1.906	-2.135	-2.332	-1.535	-2.657	-2.062	-2.160	-2.090	-2.344	-2.385	-2.463	-2.615	-2.540	-2.276	-1.709	-1.867	-1.902	-1.985	-2.027	-2.499	-2.389	-2.166	-1.896	-1.998	-2.235	-2.439	-2.268	-2.165	-1.860	-2.356	-2.613	-2.383	-2.269	-2.075	-2.538	-2.240	-2.606	-2.872	-2.006	-2.119	-2.414	-3.206	-2.278	-2.005	-2.216	-2.287	-2.647	-1.601	-2.481	-2.258	-2.259
Utmin	VIII	-1.647	-2.248	-1.751	-2.112	-1.519	-1.709	-2.160	-2.061	-2.412	-2.199	-2.028	-2.412	-1.931	-1.754	-1.672	-1.807	-1.944	-2.308	-2.142	-2.045	-2.241	-1.996	-2.020	-2.832	-2.162	-2.200	-2.336	-1.618	-1.544	-1.833	-1.900	-2.173	-2.738	-1.913	-2.004	-2.140	-1.586	-2.105	-2.345	-2.099	-2.739	-1.693	-2.751	-2.066	-2.067	-1.956	-1.676	-2.077	-2.124	-2.596	-2.456	-1.553	-1.851	-2.447	-3.481	-2.009	-1.690	-1.964	-2.721	-3.843	-1.920	-1.940	-2.203	-1.990
Utmin	IX	-2.200	-2.576	-2.225	-2.537	-2.695	-2.130	-2.332	-3.337	-2.630	-2.740	-2.499	-2.734	-2.498	-2.246	-1.707	-2.559	-2.138	-2.602	-2.125	-3.334	-2.362	-2.188	-2.539	-2.632	-3.070	-2.837	-2.971	-2.353	-2.478	-1.960	-2.083	-2.822	-2.195	-1.205	-2.080	-2.689	-2.378	-2.571	-2.484	-2.465	-2.294	-2.685	-2.950	-2.203	-2.477	-1.824	-1.720	-2.666	-2.317	-2.913	-2.463	-1.539	-2.355	-3.042	-2.262	-2.691	-2.353	-2.624	-2.292	-3.724	-2.490	-2.533	-2.192	-2.586
Utmin	X	-3.363	-2.448	-2.268	-2.588	-2.479	-2.097	-2.575	-2.604	-2.186	-2.911	-2.186	-2.626	-1.969	-2.306	-1.968	-2.347	-2.750	-2.485	-2.196	-2.919	-2.646	-2.719	-2.399	-2.834	-2.715	-2.216	-2.934	-2.588	-2.241	-2.245	-2.696	-2.691	-2.399	-2.688	-2.195	-2.264	-2.420	-2.146	-2.141	-2.178	-2.733	-2.289	-2.651	-2.443	-2.134	-2.344	-1.968	-2.614	-2.515	-2.833	-2.520	-2.958	-2.844	-2.433	-2.534	-3.069	-2.197	-2.046	-2.646	-2.380	-2.384	-2.699	-2.418	-2.676
Utmin	XI	-2.511	-1.677	-2.428	-1.988	-2.130	-1.684	-2.614	-1.955	-2.137	-1.934	-1.424	-1.991	-2.601	-2.263	-1.803	-2.711	-2.124	-1.931	-2.279	-1.988	-1.884	-2.558	-2.270	-2.213	-2.915	-1.862	-2.086	-3.314	-1.100	-3.459	-1.825	-2.173	-1.804	-2.260	-1.994	-2.499	-2.322	-3.138	-2.225	-2.322	-2.064	-3.516	-2.076	-2.072	-2.391	-2.323	-1.829	-1.898	-2.272	-2.013	-2.122	-2.231	-2.553	-2.068	-2.099	-2.433	-2.861	-2.510	-2.224	-2.363	-3.049	-2.037	-2.282	-2.178
Utmin	XII	-1.895	-3.454	-2.670	-2.752	-2.153	-2.853	-3.665	-3.133	-2.907	-3.153	-3.564	-3.167	-2.756	-2.429	-2.692	-2.975	-2.471	-3.036	-3.173	-2.908	-3.019	-3.176	-3.131	-3.425	-3.230	-3.055	-2.674	-3.138	-2.783	-3.034	-3.159	-3.239	-3.115	-3.312	-3.221	-3.239	-2.972	-2.576	-3.675	-2.834	-2.898	-3.519	-3.444	-2.269	-2.840	-2.427	-3.260	-3.611	-3.040	-2.978	-3.101	-2.386	-2.700	-2.803	-2.947	-3.254	-2.933	-2.963	-2.864	-3.173	-3.483	-3.711	-3.087	-3.235
Utmax	I	1.474	1.305	1.714	2.810	1.840	1.749	2.249	2.156	2.375	1.649	1.631	1.980	1.561	1.396	1.612	1.794	1.867	1.455	1.524	2.107	2.167	2.089	1.489	1.678	2.450	1.413	2.078	1.191	2.403	1.186	1.936	1.768	1.445	1.769	2.606	2.807	1.661	1.639	1.507	2.785	1.532	1.440	1.932	1.291	1.712	1.557	1.547	1.649	1.757	1.963	2.365	2.083	2.033	2.202	2.015	2.106	1.351	2.025	1.662	1.703	1.543	1.528	1.663	1.700
Utmax	II	1.399	1.357	1.766	1.687	1.644	1.690	1.639	1.600	1.941	1.686	1.059	1.596	1.592	1.776	1.755	1.788	1.670	1.664	1.416	1.630	1.765	1.733	1.506	1.814	1.851	2.234	1.760	1.532	1.623	1.636	1.648	1.820	1.617	1.641	1.614	1.373	1.590	1.782	1.507	1.910	2.127	1.629	1.648	1.382	1.795	1.690	1.759	1.480	1.611	2.262	1.888	2.650	1.874	1.829	1.549	1.669	1.652	1.824	1.864	1.909	1.534	1.567	2.416	1.265
Utmax	III	3.679	1.956	3.484	2.628	2.008	2.111	2.719	2.253	2.490	2.158	1.988	2.478	3.639	3.477	2.548	3.335	2.587	2.221	2.479	2.245	2.251	2.616	3.195	2.307	2.306	2.309	2.348	2.855	1.641	2.562	2.497	2.154	2.409	2.780	2.694	2.220	1.956	3.013	1.980	2.744	2.380	3.172	2.486	2.163	3.174	1.746	1.801	2.548	2.904	2.636	2.390	1.951	2.444	2.361	2.143	2.365	3.355	2.810	2.240	2.957	2.837	1.901	2.394	2.043
Utmax	IV	1.508	1.739	3.508	1.941	2.038	3.082	1.950	2.150	2.320	1.570	1.586	2.120	2.281	2.088	3.365	2.978	1.806	2.173	1.905	2.411	2.067	1.793	2.039	2.417	2.217	2.325	2.271	1.971	1.342	1.820	2.259	2.265	1.543	2.257	2.143	1.864	2.133	2.985	1.966	1.828	2.014	2.164	2.227	1.930	2.936	1.970	2.329	2.092	3.260	2.566	2.015	3.019	2.321	2.056	1.978	1.772	1.993	2.759	2.188	2.623	1.812	1.891	2.317	2.240
Utmax	V	1.981	3.448	3.074	2.105	1.437	2.110	2.259	2.616	2.625	1.346	1.343	2.243	3.245	2.754	3.683	3.079	1.842	2.066	2.362	2.097	1.894	2.612	3.047	2.872	2.733	2.291	2.233	1.672	2.096	1.739	2.101	2.584	2.258	2.501	2.090	2.401	3.260	2.741	2.137	2.163	2.665	2.333	2.662	2.409	2.823	2.473	1.729	2.116	2.527	3.206	2.198	2.466	1.868	2.065	1.964	1.672	2.811	2.857	3.104	2.848	1.661	1.554	2.274	1.457
Utmax	VI	2.031	2.274	2.145	2.142	2.375	2.196	1.994	2.502	2.813	2.317	2.256	2.314	2.378	2.406	3.642	3.305	2.386	2.409	2.298	2.372	2.149	2.957	2.463	2.417	2.063	2.258	2.126	2.117	1.484	1.879	2.138	2.353	2.545	2.481	3.011	2.671	2.312	2.059	2.149	1.994	2.764	2.484	2.255	2.585	2.187	2.607	2.150	2.690	2.422	2.274	2.292	2.299	2.201	2.611	2.286	2.318	2.719	3.112	2.531	2.121	2.247	2.180	2.277	2.079
Utmax	VII	1.760	2.024	2.506	2.190	1.616	2.043	2.441	2.464	3.087	1.668	1.455	2.518	2.213	2.233	3.287	2.092	1.982	1.846	1.949	2.207	2.008	1.735	2.324	2.297	1.905	2.595	2.681	1.872	1.592	1.868	2.364	1.940	1.638	1.913	2.503	2.560	2.435	2.163	2.256	2.522	2.563	2.481	1.730	1.736	2.409	1.837	2.179	2.388	2.477	2.343	2.637	2.390	2.169	3.384	2.427	1.775	2.346	2.460	2.603	2.663	2.168	1.789	2.477	1.682
Utmax	VIII	2.628	2.058	2.407	2.847	2.025	1.835	2.220	1.984	2.437	2.173	1.924	2.040	2.772	2.634	3.660	2.538	2.582	2.673	2.644	3.056	2.269	2.517	2.693	2.437	3.392	2.351	2.730	1.804	2.190	2.575	2.175	2.528	2.816	2.886	2.545	2.766	2.662	2.657	2.700	2.816	2.391	2.297	2.319	2.430	2.258	2.582	3.146	1.831	2.914	2.807	2.972	2.567	2.873	2.790	2.184	2.570	2.430	2.490	2.362	1.971	2.056	2.319	1.893	2.233
Utmax	IX	1.958	2.127	2.291	3.184	1.479	2.919	2.099	2.697	2.167	1.782	1.546	3.008	2.380	2.157	3.707	2.175	1.588	1.810	1.822	2.893	2.222	2.770	2.381	2.646	2.602	2.760	2.980	1.818	1.076	2.104	3.169	2.479	1.941	3.138	2.485	2.238	2.173	2.108	2.611	3.124	3.423	2.556	2.085	2.143	2.243	2.268	2.316	2.290	3.318	2.213	3.207	2.631	2.530	2.706	2.770	2.708	2.287	2.288	2.903	2.398	2.425	1.742	3.180	2.289
Utmax	X	1.913	2.199	3.497	2.344	2.315	2.054	2.556	2.435	2.490	2.282	2.384	2.668	2.778	2.450	2.812	3.403	2.591	2.320	2.476	2.180	2.203	2.385	2.013	2.398	2.566	2.476	2.189	1.904	2.199	2.189	2.314	2.714	2.785	2.542	3.004	2.234	1.975	3.198	2.850	2.313	2.158	2.524	2.479	2.459	3.106	3.056	2.436	2.557	2.466	2.638	2.491	2.683	2.539	2.049	2.067	2.280	2.202	3.383	2.419	2.654	2.255	2.839	2.346	1.891
Utmax	XI	1.882	1.833	1.637	1.791	1.528	1.846	2.656	1.820	2.221	1.549	3.059	1.832	1.742	1.512	3.158	2.048	1.830	2.079	2.054	2.045	2.366	1.823	1.597	2.219	2.241	2.288	1.808	1.182	1.538	1.129	1.882	1.955	1.983	1.958	2.396	2.164	1.521	1.731	1.793	1.569	1.989	1.571	1.963	1.944	1.708	1.583	1.677	2.027	1.901	2.418	1.878	2.784	1.982	2.062	2.053	1.601	1.344	1.951	2.115	2.129	3.448	2.146	1.680	1.780
Utmax	XII	2.011	1.535	1.485	1.850	1.377	1.516	2.448	1.761	1.753	1.412	0.935	1.682	1.524	1.769	1.966	1.727	1.656	1.530	1.563	1.585	1.475	1.504	1.477	1.656	1.688	1.610	1.811	1.457	1.155	1.343	1.844	1.561	1.558	1.562	1.812	1.557	1.596	1.917	1.461	2.282	1.546	1.639	1.506	1.668	1.631	1.650	1.571	1.511	1.928	1.743	1.518	2.853	1.551	1.476	1.458	1.554	1.591	1.663	1.706	1.632	1.417	1.344	1.633	1.417
