211-KAZ	213-KYR	227-TAD	229-TUR	231-UZB				Dur	% of gaps				% of monthly data completeness								
Country	Code	Station	Long	Lat	Alt	F_year	L_year	years	year	I	II	III	IV	V	VI	VII	VIII	IX	X	XI	XII
211	36870	Almaty	76.93	43.23	847	1879	2002	124	0.8	96.8	97.6	97.6	98.4	98.4	99.2	99.2	99.2	97.6	97.6	97.6	98.4
211	35746	Aralskoe more	61.67	46.78	62	1906	2000	95	5.2	88.4	90.5	90.5	90.5	91.6	89.5	87.4	89.5	89.5	91.6	86.3	89.5
211	36622	Ayaguz,town	80.45	47.93	653	1896	1989	94	26.6	69.1	68.1	70.2	71.3	69.1	70.2	70.2	70.2	69.1	70.2	70.2	70.2
211	36736	Bakhty	82.72	46.66	221	1928	1999	72	0.0	95.8	97.2	90.3	91.7	94.4	94.4	93.1	98.6	91.7	97.2	93.1	93.1
211	35796	Balhash	75.00	46.90	398	1932	1999	68	0.0	95.6	97.1	97.1	97.1	95.6	95.6	95.6	97.1	97.1	97.1	98.5	94.1
211	36879	Big Almaty Lake	76.98	43.07	2516	1932	1991	60	0.0	100.0	100.0	100.0	100.0	100.0	100.0	100.0	100.0	100.0	100.0	100.0	100.0
211	38337	Blinkovo	70.15	42.23	1122	1906	1991	86	0.0	94.2	94.2	94.2	90.7	93.0	94.2	94.2	94.2	93.0	97.7	97.7	96.5
211	36665	Buran	85.20	48.00	409	1926	1994	69	2.3	95.7	95.7	97.1	94.2	97.1	97.1	97.1	94.2	95.7	97.1	98.6	97.1
211	38328	Chimkent	69.6	42.3	606	1919	1999	81	0.0	97.5	93.8	96.3	97.5	95.1	92.6	95.1	95.1	97.5	96.3	95.1	93.8
211	38001	Fort Shevchenko	50.25	44.55	-25	1891	2000	110	5.4	89.1	90.9	90.0	89.1	90.9	90.9	82.7	81.8	81.8	82.7	88.2	86.4
211	35700	Gur'ev	51.85	47.02	-24	1892	2000	109	31.1	68.8	67.0	67.9	67.9	67.9	67.0	67.0	67.0	67.9	67.0	67.9	67.9
211	36881	Ili	77.40	44.10	455	1933	1989	57	1.8	93.0	93.0	93.0	94.7	94.7	94.7	96.5	96.5	98.2	98.2	98.2	98.2
211	35542	Irgiz	61.27	48.62	117	1891	1999	109	11.4	83.5	85.3	81.7	82.6	83.5	85.3	81.7	86.2	84.4	82.6	83.5	81.7
211	36885	Issyk	77.47	43.37	1098	1938	1965	28	0.0	100.0	100.0	100.0	100.0	100.0	100.0	100.0	100.0	100.0	96.4	100.0	100.0
211	35406	Kalmykovo	51.87	49.05	1	1924	1999	76	2.6	90.8	94.7	92.1	92.1	89.5	92.1	89.5	92.1	94.7	93.4	94.7	94.7
211	35394	Karaganda	73.13	49.80	554	1932	2000	69	0.0	98.6	98.6	97.1	97.1	97.1	97.1	97.1	97.1	97.1	98.6	98.6	97.1
211	36428	Kara-tyurek	86.42	49.98	2600	1940	1996	57	0.0	100.0	98.2	94.7	98.2	94.7	98.2	98.2	98.2	98.2	98.2	89.5	94.7
211	36335	Karkaralinsk	75.53	49.42	810	1891	1993	103	7.8	81.6	79.6	80.6	80.6	85.4	86.4	86.4	84.5	83.5	80.6	82.5	80.6
211	35663	Karsakpai	66.75	47.83	505	1926	1994	69	0.0	95.7	98.6	98.6	97.1	100.0	98.6	97.1	95.7	97.1	95.7	97.1	95.7
211	36439	Katon-Karagai	85.61	49.18	1081	1898	1999	102	8.7	85.3	84.3	88.2	87.3	87.3	87.3	86.3	86.3	87.3	89.2	89.2	88.2
211	35849	Kazalinsk	62.12	45.77	66	1891	1999	109	0.0	97.2	99.1	100.0	99.1	99.1	100.0	100.0	100.0	100.0	99.1	100.0	99.1
211	36535	Kokpekty	82.37	48.75	512	1891	1999	109	2.8	91.7	93.6	94.5	94.5	93.6	91.7	92.7	95.4	93.6	91.7	92.7	89.9
211	35796	Kuigan	74.20	45.38	345	1951	2003	53	0.0	97.3	97.3	97.3	92.0	97.3	94.7	96.0	94.7	94.7	97.3	98.7	94.7
211	38062	Kyzyl-orda	65.51	44.85	128	1891	1998	108	0.0	98.1	98.1	98.1	97.2	99.1	99.1	99.1	99.1	100.0	99.1	98.1	95.4
211	35576	Kzyl-zhar	69.65	48.30	361	1937	1995	59	0.0	96.6	96.6	96.6	96.6	98.3	98.3	96.6	98.3	98.3	98.3	100.0	100.0
211	36884	Medeo	77.02	43.10	1529	1931	1960	30	0.0	100.0	100.0	100.0	100.0	100.0	100.0	100.0	100.0	100.0	100.0	100.0	100.0
211	35791	Mointy	73.35	47.20	582	1935	1991	57	1.8	94.7	93.0	93.0	93.0	91.2	93.0	94.7	93.0	87.7	93.0	94.7	93.0
211	36889	Mynzhilky	77.07	43.08	3017	1937	1991	55	0.0	100.0	100.0	100.0	100.0	100.0	100.0	100.0	98.2	100.0	100.0	98.2	100.0
211	36953	Narynkol	80.18	42.73	1806	1951	1989	39	2.6	87.2	92.3	97.4	94.9	97.4	94.9	87.2	87.2	84.6	89.7	89.7	79.5
211	32803	Orlovskii poselok	86.48	48.70	1081	1909	1993	85	3.5	89.4	89.4	91.8	92.9	90.6	94.1	92.9	92.9	92.9	92.9	92.9	91.8
211	36859	Panphilov	80.07	44.17	641	1891	1999	109	9.2	85.3	86.2	86.2	87.2	87.2	87.2	86.2	85.3	87.2	87.2	87.2	85.3
211	36905	Podgornoe	79.47	43.33	1273	1930	1991	62	0.0	93.5	93.5	93.5	91.9	91.9	95.2	96.8	95.2	96.8	93.5	98.4	98.4
211	35925	Sam	56.20	45.42	86	1951	2000	50	0.0	94.0	90.0	98.0	90.0	92.0	94.0	98.0	98.0	92.0	88.0	88.0	90.0
211	36952	Sarydzhas	79.69	43.07	1956	1951	1965	15	0.0	100.0	100.0	100.0	100.0	100.0	100.0	100.0	100.0	100.0	100.0	100.0	100.0
211	36177	Semipalatinsk	80.30	50.40	202	1901	2000	100	0.1	95.0	97.0	97.0	97.0	97.0	95.0	95.0	93.0	92.0	93.0	94.0	95.0
211	36778	Taldy-Kurgan	78.38	45.02	601	1932	1995	64	0.0	96.9	96.9	96.9	98.4	98.4	98.4	96.9	89.1	98.4	98.4	98.4	100.0
211	35358	Turgai	63.50	49.63	133	1900	1995	96	10.4	97.9	96.9	97.9	96.9	97.9	97.9	97.9	97.9	97.9	97.9	96.9	97.9
211	38198	Turkestan	68.22	43.27	207	1892	1996	105	3.8	92.4	93.3	92.4	93.3	93.3	93.3	92.4	93.3	92.4	92.4	93.3	92.4
211	36729	Ucharal	80.93	46.17	397	1928	1999	72	0.0	95.8	91.7	95.8	97.2	93.1	97.2	94.4	95.8	94.4	94.4	95.8	93.1
211	36777	Uchtobe	78.00	45.17	421	1913	1991	79	3.9	92.4	93.7	93.7	92.4	89.9	93.7	93.7	91.1	91.1	93.7	94.9	92.4
211	35416	Uil	54.68	49.07	128	1891	1999	109	14.7	80.7	81.7	83.5	82.6	82.6	80.7	81.7	83.5	83.5	81.7	81.7	81.7
211	36639	Urdzhar	81.62	47.12	489	1934	1991	58	0.0	96.6	96.6	96.6	98.3	94.8	100.0	100.0	98.3	98.3	98.3	100.0	100.0
211	36888	Ust'-Gorelnik	77.03	43.08	1935	1937	1991	55	0.0	100.0	100.0	100.0	100.0	100.0	100.0	100.0	100.0	100.0	100.0	100.0	100.0
211	36186	Ust'-Kamenogorsk	82.5	50.03	285	1911	1999	89	5.9	88.8	89.9	94.4	92.1	92.1	93.3	91.0	91.0	89.9	88.8	89.9	89.9
211	38203	Uyuk	70.93	43.78	373	1931	1991	61	1.7	95.1	95.1	95.1	95.1	91.8	91.8	96.7	91.8	91.8	95.1	95.1	93.4
211	36887	Verhniy Gorelnik	77.00	42.50	2262	1937	1989	53	0.0	100.0	100.0	100.0	100.0	100.0	100.0	100.0	100.0	100.0	100.0	100.0	100.0
211	36665	Zaysan	84.92	47.47	603	1891	1999	109	8.6	87.2	89.0	88.1	89.0	89.9	89.0	85.3	86.2	86.2	87.2	86.2	88.1
213	36992	Aksai 	72.83	40.05	3135	1952	1998	47	0.0	100.0	100.0	100.0	100.0	100.0	100.0	100.0	100.0	100.0	100.0	100.0	100.0
213	38357	Aktash (Kyr) 	73.10	42.50	2150	1961	1990	30	0.0	100.0	100.0	100.0	100.0	100.0	100.0	100.0	100.0	96.7	100.0	96.7	93.3
213	38476	Akterekgava	72.80	41.30	1748	1942	1990	49	0.0	96.7	96.7	96.7	100.0	100.0	100.0	100.0	100.0	100.0	100.0	96.7	100.0
213	38351	Alabel	73.02	42.15	3213	1960	1989	30	0.0	96.7	96.7	93.3	90.0	90.0	90.0	90.0	90.0	90.0	90.0	96.7	96.7
213		Ala-Buka	71.50	41.40	1250	1963	1990	28	10.7	71.4	75.0	71.4	71.4	75.0	78.6	60.7	67.9	71.4	71.4	71.4	71.4
213	38486	Alplager	74.50	42.60	2130	1957	1991	35	0.0	100.0	100.0	100.0	100.0	100.0	100.0	100.0	100.0	100.0	100.0	100.0	100.0
213	38466	Angren  (Kyrg)	70.80	41.60	2286	1931	1997	67	0.0	98.5	98.5	98.5	98.5	98.5	98.5	97.0	97.0	97.0	98.5	98.5	98.5
213	36969	Atbashi	75.80	41.20	2025	1927	1995	69	2.9	94.2	95.7	95.7	95.7	95.7	91.3	92.8	92.8	89.9	91.3	92.8	92.8
213	38355	Baytyk	74.50	42.70	1579	1913	2000	88	0.0	100.0	100.0	100.0	100.0	100.0	100.0	100.0	100.0	100.0	100.0	100.0	100.0
213	38353	Bishkek	74.50	42.85	823	1895	2000	106	20.7	76.4	77.4	76.4	76.4	77.4	78.3	77.4	77.4	77.4	77.4	77.4	77.4
213	38488	Chaartash	73.28	41.08	2748	1960	1992	33	0.0	100.0	100.0	100.0	97.0	97.0	100.0	100.0	100.0	100.0	100.0	100.0	97.0
213	36994	Chatirkul	75.80	40.60	3540	1961	1990	30	0.0	100.0	90.0	96.7	90.0	100.0	96.7	96.7	100.0	100.0	93.3	93.3	86.7
213	38471	Chatkal	71.30	41.90	1937	1933	1995	63	0.0	100.0	100.0	100.0	100.0	98.4	100.0	96.8	96.8	98.4	100.0	98.4	98.4
213	36934	Cholponata	77.06	42.60	1645	1929	2000	72	0.0	100.0	100.0	100.0	100.0	100.0	100.0	100.0	100.0	100.0	100.0	100.0	100.0
213	38354	Chonaryk	73.75	42.06	1308	1943	1989	47	4.5	89.4	93.6	87.2	89.4	91.5	93.6	87.2	89.4	89.4	87.2	85.1	87.2
213	36948	Chonkyzylsu	78.20	42.20	2555	1948	1990	43	0.0	100.0	100.0	100.0	100.0	100.0	100.0	100.0	100.0	100.0	100.0	100.0	100.0
213	38745	Daraut-Kurgan	72.18	39.55	2470	1949	1990	42	0.0	100.0	97.6	100.0	100.0	97.6	100.0	100.0	100.0	100.0	97.6	97.6	97.6
213	36963	Dolon	75.80	41.80	3040	1961	1990	30	0.0	100.0	100.0	100.0	100.0	100.0	100.0	100.0	100.0	90.0	100.0	93.3	90.0
213	38613	Dzhalalabad	73.20	41.15	763	1947	2000	54	0.0	100.0	100.0	100.0	100.0	100.0	100.0	100.0	100.0	100.0	100.0	100.0	100.0
213	38487	Dzhergetal	73.10	41.57	1800	1913	1992	80	0.0	97.5	97.5	95.0	96.3	96.3	95.0	96.3	96.3	96.3	97.5	96.3	97.5
213	38627	Gulcha	73.45	40.32	1561	1938	1997	60	0.0	100.0	98.3	100.0	98.3	98.3	100.0	100.0	100.0	96.7	98.3	98.3	98.3
213	38873	Irkeshtam	73.9	39.67	2819	1891	1976	86	32.6	65.1	65.1	62.8	65.1	64.0	66.3	67.4	66.3	65.1	66.3	65.1	65.1
213	38722	Isfana	69.52	39.83	1300	1950	2000	51	0.0	100.0	100.0	100.0	100.0	100.0	100.0	100.0	100.0	100.0	100.0	100.0	100.0
213	36971	Karakudzhur	76.30	41.90	2800	1935	1990	56	0.0	98.2	98.2	100.0	100.0	100.0	98.2	100.0	100.0	98.2	100.0	100.0	98.2
213	38619	Karavan	71.75	41.46	1280	1943	1990	48	6.7	85.4	87.5	83.3	83.3	85.4	87.5	85.4	87.5	89.6	77.1	85.4	85.4
213		Kazarman	74.00	41.40	1266	1960	1998	39	0.0	100.0	100.0	100.0	100.0	100.0	100.0	97.4	100.0	97.4	100.0	97.4	97.4
213	38473	Ketmen-Tyube	72.78	41.82	802	1932	1990	59	3.4	84.7	84.7	84.7	88.1	91.5	88.1	88.1	86.4	86.4	89.8	88.1	89.8
213	38741	Khaydarkan	71.30	39.97	2000	1932	1990	59	0.0	98.3	98.3	98.3	98.3	98.3	98.3	98.3	98.3	98.3	98.3	100.0	100.0
213		Kirgizata	72.65	40.17	1766	1940	1997	58	1.7	94.8	93.1	91.4	91.4	93.1	94.8	93.1	93.1	94.8	96.6	96.6	94.8
213	38342	Kirovskoe	71.59	42.63	855	1961	1990	30	0.0	90.0	83.3	83.3	83.3	90.0	86.7	93.3	100.0	96.7	96.7	93.3	100.0
213	36919	Kochkorka	75.70	42.20	1810	1942	1990	49	0.0	93.9	91.8	91.8	93.9	93.9	95.9	89.8	95.9	91.8	91.8	87.8	91.8
213	36957	Koilu	79.00	42.20	2800	1951	1990	40	0.0	97.5	95.0	97.5	95.0	95.0	95.0	95.0	95.0	95.0	95.0	95.0	95.0
213	36941	Krasnyi Octyabr	78.30	42.80	1645	1933	1990	58	0.0	100.0	98.3	100.0	100.0	100.0	100.0	100.0	100.0	98.3	100.0	98.3	98.3
213	38628	Kyzyldzhar	74.14	40.09	2230	1961	1990	30	0.0	96.4	89.3	96.4	92.9	100.0	100.0	96.4	96.4	96.4	100.0	96.4	92.9
213	36974	Naryn	76.00	41.40	2039	1886	2000	115	0.0	95.5	96.4	97.3	97.3	96.4	97.3	97.3	98.2	99.1	96.4	97.3	97.3
213	38615	Osh	72.80	40.53	1016	1891	1996	106	11.6	80.2	82.1	83.0	84.9	85.8	87.7	86.8	85.8	85.8	84.9	83.0	77.4
213		Papan	72.97	40.32	1400	1947	1991	45	0.0	97.8	97.8	97.8	97.8	97.8	93.3	95.6	95.6	97.8	97.8	97.8	100.0
213	36944	Pokrovka	78.03	42.35	1740	1951	2000	50	0.0	100.0	100.0	100.0	100.0	100.0	100.0	100.0	100.0	100.0	100.0	100.0	100.0
213	36948	Przhevalsk	78.40	42.40	1716	1883	1996	114	0.9	99.1	99.1	99.1	99.1	99.1	99.1	99.1	99.1	99.1	99.1	99.1	99.1
213	36927	Rybach'e	76.18	42.47	1660	1911	2000	90	2.2	95.6	94.4	95.6	96.7	95.6	96.7	96.7	95.6	95.6	93.3	95.6	90.0
213	36943	Santash	78.90	42.70	2320	1963	1998	36	0.0	100.0	100.0	100.0	100.0	100.0	100.0	100.0	100.0	100.0	100.0	100.0	100.0
213	38745	Sarytash	73.25	39.73	3153	1934	2000	67	0.0	100.0	100.0	100.0	100.0	100.0	100.0	100.0	100.0	100.0	100.0	100.0	100.0
213	38715	Shahristanskii pereval	68.58	39.57	3143	1928	1997	70	21.4	75.7	75.7	75.7	75.7	74.3	72.9	74.3	74.3	72.9	74.3	74.3	75.7
213	38358	Susamyr	74.00	42.20	2087	1937	2001	65	0.0	96.7	96.7	98.3	98.3	100.0	96.7	93.3	96.7	96.7	95.0	96.7	96.7
213	38345	Talas	72.25	42.52	1217	1930	2000	71	0.0	100.0	100.0	100.0	100.0	100.0	100.0	100.0	100.0	98.6	98.6	98.6	100.0
213	36938	Tamga	77.60	42.18	1690	1941	1987	47	0.0	100.0	100.0	97.9	95.7	95.7	97.9	100.0	97.9	100.0	97.9	97.9	97.9
213	36982	Tien-Shan	78.20	41.90	3614	1930	2000	71	0.0	98.6	98.6	98.6	98.6	98.6	98.6	98.6	100.0	100.0	98.6	98.6	98.6
213	36911	Tokmak	75.30	42.82	816	1941	2000	60	5.0	95.0	95.0	95.0	95.0	95.0	95.0	95.0	95.0	95.0	93.3	93.3	93.3
213	38473	Toktogul	72.83	41.82	983	1952	2000	49	10.2	89.8	87.8	89.8	89.8	89.8	89.8	89.8	89.8	89.8	89.8	89.8	89.8
213	38359	Tyuya-ashu Northern	73.80	42.37	3090	1953	1991	39	0.0	100.0	100.0	100.0	100.0	100.0	100.0	100.0	100.0	100.0	100.0	100.0	100.0
213		Tyuya-ashu Southern	73.80	42.30	3225	1958	1990	33	0.0	100.0	100.0	100.0	100.0	100.0	100.0	100.0	100.0	100.0	100.0	100.0	100.0
213	38469	ustie r.Ters	70.80	41.60	1759	1932	1995	64	0.0	92.2	93.8	92.2	95.3	93.8	95.3	96.9	95.3	93.8	93.8	95.3	93.8
213	38472	ustie r.Tos	71.70	41.60	1536	1942	1990	49	0.0	91.8	93.9	98.0	95.9	100.0	95.9	95.9	98.0	100.0	98.0	95.9	91.8
227	38748	Altynmazar	72.22	39.18	2782	1932	1997	66	0.0	97.1	97.1	97.1	97.1	97.1	95.7	95.7	95.7	95.7	97.1	98.6	98.6
227	38719	Anzobsky pereval	68.87	39.08	3373	1940	1994	55	0.0	96.4	96.4	100.0	100.0	98.2	98.2	94.5	98.2	96.4	92.7	92.7	92.7
227	38842	Bustonabad	-999.0	-999.0	-999.0	1948	1990	43	0.0	93.0	90.7	95.3	97.7	97.7	97.7	95.3	97.7	97.7	90.7	93.0	95.3
227	38847	Dangara	69.32	38.10	640	1943	1990	48	0.0	93.8	89.6	91.7	93.8	95.8	93.8	97.9	97.9	91.7	93.8	89.6	93.8
227	38734	Dehavz	70.20	39.45	2561	1934	1997	64	0.0	100.0	100.0	100.0	100.0	98.2	96.4	96.4	96.4	96.4	96.4	96.4	96.4
227	38836	Dushanbe-Agro	68.78	38.58	790	1926	1995	70	0.0	97.1	97.1	97.1	98.6	100.0	100.0	98.6	100.0	100.0	100.0	100.0	100.0
227	38956	Dzhavshangoz	72.46	37.36	3576	1935	1990	56	0.0	100.0	100.0	100.0	100.0	100.0	98.6	98.6	94.3	88.6	98.6	97.1	100.0
227	38844	Faizabad	69.32	38.55	1215	1942	1990	49	0.0	100.0	100.0	100.0	100.0	100.0	100.0	98.0	100.0	98.0	93.9	98.0	98.0
227	38862	Fedchenko Glacier	72.22	38.83	4169	1935	1994	60	0.0	100.0	100.0	100.0	100.0	100.0	100.0	100.0	100.0	100.0	98.3	100.0	100.0
227	38838	Gandjina	68.57	37.95	740	1954	1990	37	0.0	94.6	94.6	94.6	100.0	100.0	97.3	100.0	97.3	94.6	91.9	97.3	94.6
227	38851	Garm	69.95	39.00	1316	1934	1994	61	0.0	96.7	95.1	96.7	96.7	95.1	98.4	98.4	98.4	98.4	100.0	98.4	96.7
227	38833	Gushari	68.83	38.88	1359	1945	1990	46	0.0	94.9	94.9	92.3	92.3	89.7	94.9	94.9	97.4	97.4	97.4	97.4	94.9
227	38853	Haburabad	70.70	38.63	3347	1960	1990	31	0.0	96.8	96.8	96.8	96.8	96.8	96.8	96.8	96.8	93.5	96.8	96.8	96.8
227	38954	Horog	71.50	37.50	2075	1899	1995	97	8.3	87.6	86.6	84.5	85.6	87.6	85.6	84.5	82.5	81.4	84.5	83.5	83.5
227	38846	Hovaling	69.95	38.35	1468	1949	1994	46	6.5	91.3	91.3	91.3	91.3	91.3	91.3	89.1	87.0	84.8	89.1	87.0	91.3
227	38869	Irht	72.63	38.17	3290	1939	1997	59	0.0	96.6	96.6	96.6	96.6	94.9	93.2	93.2	93.2	91.5	94.9	91.5	94.9
227	38609	Isfara	70.63	40.12	847	1936	1990	55	1.8	98.2	90.9	92.7	92.7	94.5	96.4	94.5	96.4	96.4	92.7	94.5	94.5
227	38957	Ishkashim	71.60	36.73	2646	1934	1990	57	3.5	87.5	87.5	90.0	95.0	92.5	90.0	90.0	92.5	80.0	82.5	85.0	85.0
227	38718	Iskanderkul	68.38	39.10	2204	1930	1997	68	0.0	100.0	100.0	100.0	100.0	98.5	95.6	95.6	95.6	95.6	97.1	97.1	95.6
227	38724	Javan	69.05	38.32	663	1961	1990	30	0.0	96.7	96.7	96.7	96.7	100.0	100.0	100.0	96.7	93.3	90.0	96.7	93.3
227	38943	Kalai-Khumb	70.88	38.47	1284	1951	1991	41	0.0	100.0	100.0	100.0	100.0	100.0	100.0	97.6	95.1	97.6	97.6	97.6	97.6
227	38848	Kangurt	69.52	38.25	778	1951	1988	38	0.0	92.1	94.7	97.4	94.7	100.0	97.4	94.7	94.7	92.1	89.5	94.7	92.1
227	38871	Karakul	73.56	39.01	3935	1934	1990	57	0.0	100.0	100.0	100.0	100.0	100.0	100.0	100.0	100.0	100.0	100.0	100.0	100.0
227	38840	Komsomolabad	69.98	38.87	1259	1947	1989	43	2.3	90.7	88.4	88.4	90.7	90.7	88.4	83.7	88.4	95.3	90.7	90.7	90.7
227	38943	Kulyab	69.75	37.92	604	1931	1990	60	0.0	100.0	100.0	100.0	100.0	100.0	100.0	98.3	95.0	71.7	95.0	100.0	100.0
227	38933	Kurgan-tyube	68.86	37.82	426	1929	1995	67	1.5	97.0	97.0	97.0	97.0	97.0	98.5	95.5	95.5	85.1	89.6	97.0	97.0
227	38599	Leninabad	69.73	40.22	425	1891	1995	105	6.7	88.6	89.5	89.5	90.5	91.4	92.4	92.4	91.4	87.6	93.3	92.4	89.5
227	38854	Lyairun	70.90	38.90	2008	1960	1990	31	0.0	96.8	96.8	96.8	96.8	96.8	96.8	96.8	96.8	96.8	96.8	96.8	96.8
227	38744	Lyakhsh	71.25	38.32	1998	1960	1990	31	0.0	96.8	96.8	96.8	96.8	96.8	96.8	96.8	96.8	96.8	96.8	96.8	96.8
227	38725	Madrushkent	69.65	39.43	2234	1933	1990	58	1.7	94.8	96.6	96.6	96.6	98.3	98.3	98.3	96.6	93.1	93.1	96.6	96.6
227	38878	Murgab	73.97	38.17	3576	1894	1991	98	10.3	80.6	82.7	79.6	81.6	80.6	82.7	78.6	77.6	78.6	80.6	78.6	99.0
227	38947	Nizhniy Pyandge	68.58	37.20	329	1947	1990	44	0.0	90.9	88.6	88.6	93.2	95.5	93.2	97.7	100.0	97.7	93.2	90.9	90.9
227	38705	Pendjikent	67.60	39.50	1016	1915	1991	77	6.5	82.9	81.6	81.6	84.2	86.8	86.8	84.2	84.2	82.9	81.6	81.6	82.9
227	38951	Rushan	71.52	37.95	1966	1947	1990	44	0.0	100.0	100.0	100.0	100.0	100.0	100.0	100.0	100.0	100.0	100.0	100.0	100.0
227	38716	Sangiston	68.62	39.38	1502	1947	1990	44	0.0	95.5	97.7	95.5	88.6	93.2	95.5	93.2	100.0	97.7	97.7	97.7	100.0
227	38844	Sanglok	69.23	38.25	2235	1948	1990	43	2.3	88.4	90.7	90.7	90.7	95.3	95.3	95.3	93.0	88.4	86.0	88.4	88.4
227	38937	Shaartuz	68.13	37.28	380	1943	1990	48	0.0	93.8	93.8	93.8	93.8	95.8	97.9	97.9	97.9	93.8	95.8	93.8	93.8
227	38732	Tangivoruh	70.55	39.85	1311	1943	1988	46	0.0	97.8	95.7	91.3	95.7	95.7	95.7	95.7	97.8	93.5	84.8	87.0	87.0
227	38852	Tavildara	70.48	38.70	1616	1949	1994	46	0.0	95.7	93.5	91.3	93.5	95.7	95.7	89.1	93.5	89.1	95.7	93.5	95.7
227	38713	Ura-Tube	68.98	39.90	1004	1943	1990	48	0.0	100.0	95.8	93.8	100.0	97.9	95.8	100.0	97.9	95.8	95.8	95.8	93.8
229	38880	Ashgabat	58.33	37.97	227	1892	2000	109	6.4	89.0	90.8	90.8	90.8	91.7	91.7	93.6	93.6	92.7	91.7	91.7	92.7
229	38895	Bairam-ali	62.18	37.60	240	1891	2000	110	0.9	99.1	99.1	98.2	98.2	98.2	98.2	99.1	99.1	99.1	99.1	98.2	99.1
229	38687	Chardzhou	63.60	39.08	193	1895	2000	106	4.7	93.4	93.4	93.4	94.3	94.3	94.3	94.3	94.3	95.3	93.4	91.5	94.3
229	38507	Cheleken	53.12	39.45	17	1912	1991	80	1.3	93.7	93.7	91.1	91.1	93.7	96.2	96.2	96.2	96.2	96.2	96.2	91.1
229	38656	Erbent	58.60	39.30	89	1961	2000	40	7.5	92.5	90.0	90.0	90.0	92.5	92.5	92.5	92.5	90.0	90.0	87.5	90.0
229	38750	Gasan-kuli	53.97	37.47	23	1926	2000	75	0.0	98.7	98.7	98.7	98.7	97.3	97.3	98.7	100.0	100.0	98.7	97.3	100.0
229	38881	Gaudan	58.40	37.63	1488	1961	1990	30	0.0	100.0	100.0	100.0	100.0	100.0	96.7	100.0	100.0	100.0	100.0	100.0	100.0
229	38647	Kazandzhik	55.52	39.25	33	1928	2000	73	4.1	93.2	95.9	95.9	94.5	95.9	93.2	93.2	93.2	94.5	93.2	90.4	87.7
229	38911	Kerki	65.20	37.83	241	1891	2000	110	7.2	91.8	90.9	91.8	91.8	91.8	92.7	92.7	92.7	92.7	90.0	90.9	90.9
229	38763	Kizyl-arvat	56.28	38.98	97	1883	2000	118	8.5	90.7	90.7	90.7	91.5	91.5	89.0	90.7	90.7	90.7	88.1	89.8	90.7
229	38507	Krasnovodsk	52.98	40.03	89	1883	2000	118	3.4	92.4	94.1	89.8	91.5	92.4	94.9	95.8	96.6	95.8	93.2	94.1	93.2
229	38987	Kushka	62.35	35.28	57	1897	2000	104	7.7	86.5	86.5	86.5	88.5	87.5	90.4	90.4	89.4	90.4	85.6	86.5	88.5
229	38804	Repetek	63.18	38.57	29	1912	1990	79	7.6	87.3	88.6	87.3	88.6	87.3	91.1	91.1	91.1	89.9	89.9	89.9	91.1
229	38974	Serahs	61.22	36.53	279	1902	2000	99	0.0	83.8	82.8	82.8	82.8	81.8	100.0	100.0	100.0	100.0	80.8	82.8	80.8
231	38707	Abramov Glacier	71.50	39.40	3840	1967	1998	32	0.0	96.9	96.9	96.9	96.9	96.9	96.9	96.9	96.9	96.9	100.0	100.0	100.0
231		Agalyk	66.97	39.53	1240	1985	1999	15	0.0	100.0	100.0	100.0	100.0	100.0	80.0	53.3	33.3	53.3	93.3	93.3	100.0
231	38586	Akaltyn	68.73	40.36	269	1957	1996	40	2.5	97.5	97.5	97.5	97.5	97.5	97.5	97.5	97.5	97.5	95.0	92.5	90.0
231	38178	Akbaital	64.33	43.15	273	1951	2000	50	0.0	98.0	100.0	100.0	96.0	100.0	100.0	100.0	100.0	100.0	98.0	98.0	96.0
231		Akkavak	69.50	41.42	566	1967	1999	33	0.0	93.9	100.0	97.0	100.0	90.9	100.0	81.8	93.9	84.8	90.9	93.9	100.0
231		Akkurgan	69.08	40.58	335	1966	1999	34	0.0	94.1	91.2	94.1	97.1	97.1	94.1	70.6	100.0	85.3	91.2	94.1	97.1
231	38818	Akrabat	66.83	38.25	1599	1950	1999	50	0.0	98.0	98.0	98.0	98.0	98.0	98.0	98.0	100.0	100.0	100.0	100.0	100.0
231		Aktash (Uzb)	69.80	41.70	1154	1956	1996	41	2.4	95.1	95.1	95.1	95.1	92.7	95.1	85.4	78.0	90.2	97.6	97.6	97.6
231	38595	Almalyk	69.60	40.84	507	1979	1999	21	0.0	100.0	100.0	100.0	100.0	100.0	100.0	100.0	100.0	100.0	100.0	100.0	100.0
231		Altyaryk	71.53	40.42	440	1951	1999	49	4.5	95.9	95.9	95.9	95.9	93.9	91.8	93.9	93.9	93.9	93.9	93.9	91.8
231		Amankutan	66.88	39.23	1200	1932	1999	68	10.3	85.3	86.8	86.8	86.8	86.8	86.8	70.6	72.1	85.3	86.8	86.8	85.3
231	38475	Andizhan	72.22	40.73	476	1900	1996	97	4.1	92.8	92.8	92.8	93.8	94.8	93.8	93.8	93.8	94.8	94.8	94.8	93.8
231	38465	Angren (Uzb)  	70.18	41.00	942	1949	2002	54	0.0	98.1	96.3	96.3	96.3	96.3	96.3	96.3	96.3	96.3	98.1	98.1	98.1
231	38827	Baisun	67.20	38.20	1241	1933	1999	67	0.0	98.5	98.5	98.5	98.5	98.5	98.5	97.0	95.5	97.0	100.0	100.0	98.5
231		Bakhmazar	67.85	39.48	1000	1974	1999	26	0.0	96.2	84.6	96.2	96.2	96.2	84.6	69.2	57.7	76.9	96.2	100.0	100.0
231		Bashkizilsai	69.85	41.38	1277	1968	1999	32	0.0	100.0	100.0	96.9	100.0	100.0	100.0	100.0	100.0	100.0	100.0	100.0	100.0
231		Bazardzhoy	67.24	39.97	880	1953	1998	46	0.0	95.7	97.8	97.8	95.7	97.8	97.8	97.8	97.8	100.0	100.0	100.0	100.0
231	38597	Bekabad	69.27	40.20	300	1951	1999	49	0.0	100.0	100.0	100.0	100.0	100.0	100.0	100.0	100.0	100.0	100.0	100.0	100.0
231	38702	Bogarnoe	67.45	39.93	748	1931	1999	69	0.0	100.0	100.0	100.0	98.6	100.0	100.0	100.0	100.0	100.0	98.6	100.0	100.0
231		Brichmulla	70.10	41.62	894	1939	1987	49	2.0	93.9	93.9	87.8	89.8	87.8	87.8	81.6	75.5	83.7	89.8	89.8	89.8
231	38683	Bukhara	64.61	39.71	230	1961	1995	35	0.0	100.0	100.0	100.0	95.0	95.0	90.0	85.0	85.0	75.0	90.0	95.0	90.0
231		Bulakbashi	71.58	41.98	440	1973	1992	20	5.0	85.0	85.0	85.0	90.0	85.0	90.0	100.0	100.0	55.0	80.0	75.0	80.0
231	38403	Buzaubai	62.47	41.75	97	1951	1999	49	3.2	98.0	98.0	98.0	95.9	98.0	98.0	98.0	98.0	98.0	95.9	93.9	95.9
231	38162	Chabankazgan	63.17	41.40	64	1951	1993	43	0.0	97.7	100.0	97.7	95.3	97.7	100.0	100.0	100.0	97.7	97.7	93.0	97.7
231		Chambil	66.48	39.00	657	1950	1991	42	0.0	97.6	97.6	97.6	97.6	97.6	100.0	100.0	100.0	100.0	100.0	97.6	97.6
231	38464	Charvak	70.00	41.60	974	1916	2001	86	0.0	95.8	97.2	97.2	98.6	98.6	98.6	98.6	98.6	97.2	95.8	95.8	95.8
231	38262	Chimbai	59.82	42.95	65	1930	2000	71	0.0	100.0	97.2	98.6	97.2	98.6	100.0	100.0	100.0	100.0	98.6	98.6	95.8
231	38706	Chimgan	70.00	41.60	1670	1922	1999	78	52.6	41.0	43.6	43.6	44.9	44.9	44.9	43.6	43.6	43.6	42.3	42.3	42.3
231	38811	Chimkurgan	66.20	38.83	465	1960	1999	40	0.0	97.5	100.0	100.0	100.0	100.0	100.0	100.0	100.0	100.0	100.0	100.0	100.0
231		Chinaz	68.43	40.55	277	1927	1999	73	9.6	83.6	84.9	78.1	84.9	84.9	84.9	82.2	82.2	83.6	80.8	80.8	80.8
231		Chirakchi	66.35	39.03	510	1926	1999	74	20.3	74.3	74.3	77.0	78.4	78.4	81.1	81.1	81.1	81.1	78.4	77.0	79.7
231		Chust	71.25	41.00	460	1936	1995	60	6.7	88.3	90.0	93.3	90.0	93.3	91.7	93.3	93.3	88.3	83.3	83.3	81.7
231	38594	Dalverzin	69.28	40.40	289	1928	1999	72	1.4	95.8	95.8	97.2	97.2	94.4	98.6	98.6	98.6	98.6	98.6	98.6	98.6
231		Dashnabad	68.05	38.52	778	1932	1998	67	0.0	94.0	97.0	97.0	94.0	94.0	98.5	100.0	100.0	100.0	97.0	95.5	97.0
231	38819	Dehkanabad	66.50	38.35	937	1935	1999	65	0.0	100.0	100.0	100.0	98.5	98.5	100.0	100.0	100.0	100.0	98.5	98.5	98.5
231	38829	Denau	67.90	38.27	516	1931	1999	69	0.0	98.6	100.0	97.1	98.6	97.1	100.0	100.0	100.0	100.0	98.6	100.0	98.6
231		Derbent	67.05	38.27	950	1957	1999	43	0.0	97.7	100.0	97.7	95.3	97.7	100.0	100.0	100.0	100.0	97.7	97.7	97.7
231		Dmitrovo	69.01	40.26	310	1980	1998	19	5.3	89.5	89.5	84.2	89.5	89.5	78.9	94.7	94.7	78.9	78.9	89.5	89.5
231		Duaba	68.38	39.97	950	1936	1999	64	1.6	90.6	93.8	90.6	93.8	93.8	85.9	78.1	73.4	79.7	90.6	93.8	85.9
231	38460	Dukant	70.07	41.15	2001	1959	2002	44	0.0	100.0	100.0	100.0	97.7	97.7	97.7	97.7	97.7	97.7	97.7	97.7	97.7
231		Durmen	69.42	41.37	472	1970	1996	27	0.0	92.6	92.6	96.3	92.6	88.9	96.3	100.0	100.0	100.0	100.0	88.9	88.9
231	38551	Dzhangeldy	63.33	40.85	207	1952	1997	46	3.2	95.7	95.7	95.7	95.7	100.0	97.8	97.8	100.0	100.0	93.5	93.5	91.3
231		Dzhaus	67.30	39.20	1200	1942	1996	55	0.0	100.0	100.0	98.2	98.2	100.0	96.4	100.0	100.0	100.0	96.4	96.4	98.2
231	38579	Dzhizak	67.83	40.11	344	1891	2000	110	0.0	99.1	99.1	99.1	100.0	100.0	100.0	100.0	100.0	100.0	100.0	99.1	99.1
231	38614	Fedchenko	72.07	40.57	466	1929	1996	68	0.0	100.0	99.1	100.0	100.0	100.0	99.1	100.0	99.1	100.0	100.0	100.0	100.0
231	38618	Fergana	71.75	40.38	578	1891	2000	110	0.9	97.3	97.3	97.3	97.3	98.2	99.1	99.1	99.1	97.3	97.3	96.4	96.4
231	38577	Gallyaaral	67.58	40.03	601	1933	1999	67	1.5	95.5	95.5	95.5	95.5	95.5	95.5	95.5	95.5	97.0	97.0	97.0	97.0
231	38815	Guzar	66.27	38.62	523	1927	1999	73	0.0	97.3	97.3	97.3	98.6	98.6	98.6	100.0	100.0	100.0	100.0	98.6	98.6
231		Hazarnovo	67.15	39.02	998	1936	1999	64	53.1	45.3	46.9	46.9	45.3	43.8	45.3	45.3	46.9	45.3	46.9	45.3	46.9
231	38838	Isambai	68.35	38.05	564	1951	1990	40	0.0	97.5	97.5	97.5	92.5	95.0	97.5	100.0	100.0	100.0	97.5	97.5	95.0
231	38141	Jaslyk	57.50	44.10	128	1966	1996	31	3.2	96.8	96.8	96.8	93.5	96.8	96.8	96.8	96.8	93.5	96.8	93.5	96.8
231		Kal'	71.45	40.88	384	1935	1999	65	1.5	95.4	93.8	95.4	93.8	93.8	96.9	96.9	96.9	92.3	93.8	95.4	92.3
231	38467	Kamchik	70.52	41.10	2145	1969	1999	31	38.7	58.1	61.3	61.3	58.1	58.1	58.1	54.8	54.8	54.8	54.8	54.8	54.8
231	38023	Karakalpakia	56.83	44.95	130	1966	1996	31	6.5	93.5	93.5	90.3	90.3	93.5	93.5	93.5	93.5	87.1	90.3	87.1	90.3
231		Karakia	66.75	40.11	600	1948	1991	44	18.2	77.3	77.3	75.0	79.5	77.3	75.0	77.3	77.3	79.5	79.5	75.0	77.3
231	38685	Karakul (Uzb)	63.85	39.50	196	1961	1995	35	0.0	97.7	100.0	100.0	97.7	97.7	97.7	95.5	90.9	86.4	97.7	97.7	97.7
231		Karatash	67.50	40.17	963	1977	1999	23	0.0	100.0	100.0	100.0	100.0	100.0	100.0	100.0	100.0	100.0	100.0	100.0	100.0
231	38812	Karshi	65.72	38.75	375	1927	2000	74	1.4	98.6	97.3	97.3	97.3	97.3	98.6	98.6	98.6	98.6	97.3	97.3	97.3
231	38477	Kassansai	71.53	41.25	889	1933	1995	63	6.3	90.5	93.7	93.7	93.7	93.7	93.7	93.7	93.7	92.1	90.5	92.1	88.9
231		Kattagan	67.07	38.98	1000	1933	1996	64	17.2	76.6	78.1	75.0	75.0	75.0	75.0	73.4	73.4	73.4	78.1	76.6	79.7
231	38692	Kattakurgan	66.27	39.85	515	1901	1999	99	5.0	88.9	88.9	90.9	91.9	90.9	90.9	92.9	93.9	94.9	91.9	92.9	93.9
231	38447	Kaunchi	69.00	41.08	340	1927	1999	73	12.3	83.6	86.3	86.3	86.3	86.3	84.9	84.9	86.3	84.9	84.9	84.9	84.9
231	38399	Khiva	60.38	41.40	95	1961	1995	35	0.0	100.0	98.2	100.0	94.6	94.6	98.2	98.2	92.9	94.6	96.4	98.2	98.2
231		King-Guzar	67.80	38.43	796	1944	1999	56	0.0	92.9	92.9	96.4	100.0	100.0	100.0	100.0	100.0	100.0	98.2	98.2	96.4
231		Kirgiz	71.00	40.45	1158	1953	1988	36	13.9	83.3	83.3	77.8	80.6	77.8	80.6	80.6	83.3	80.6	83.3	83.3	83.3
231	38468	Kizilcha	70.42	41.22	2075	1958	1992	35	0.0	97.1	100.0	100.0	97.1	100.0	100.0	100.0	100.0	97.1	97.1	97.1	94.3
231	38606	Kokand	70.95	40.55	399	1926	1999	74	0.0	100.0	100.0	100.0	100.0	100.0	100.0	100.0	100.0	100.0	100.0	100.0	98.6
231	38591	Kokaral	69.20	40.68	340	1933	1999	67	1.5	94.0	92.5	95.5	95.5	95.5	95.5	95.5	95.5	94.0	94.0	94.0	97.0
231	38284	Kulkuduk	63.30	42.52	333	1952	1991	40	7.7	92.5	92.5	92.5	92.5	92.5	92.5	92.5	92.5	92.5	90.0	90.0	90.0
231	38149	Kungrad	58.93	43.08	60	1951	2000	50	0.0	98.0	100.0	100.0	98.0	100.0	100.0	100.0	100.0	100.0	96.0	96.0	98.0
231	38563	Kushrabad	66.55	40.23	737	1957	1999	43	0.0	97.7	97.7	97.7	97.7	97.7	97.7	97.7	100.0	100.0	100.0	100.0	100.0
231		Lyangar	66.65	39.33	510	1974	1987	14	0.0	100.0	92.9	100.0	100.0	100.0	100.0	100.0	100.0	92.9	92.9	92.9	92.9
231		Madzherum	66.73	40.62	613	1963	1999	37	0.0	100.0	100.0	100.0	100.0	100.0	94.6	97.3	97.3	97.3	91.9	97.3	97.3
231		Marhamat	72.33	40.50	610	1936	1999	64	14.1	81.3	79.7	79.7	81.3	78.1	79.7	82.8	82.8	82.8	81.3	81.3	79.7
231	38816	Minchukur	66.93	38.65	2132	1951	1999	49	0.0	100.0	100.0	100.0	100.0	100.0	100.0	100.0	100.0	100.0	100.0	100.0	100.0
231	38697	Mubarek	69.15	39.25	285	1933	1999	67	0.0	95.5	98.5	98.5	98.5	97.0	98.5	100.0	100.0	100.0	100.0	92.5	91.0
231	38146	Muinak	59.02	43.47	68	1933	1994	62	0.0	100.0	100.0	100.0	98.4	100.0	100.0	100.0	98.4	98.4	96.8	96.8	95.2
231	38611	Namangan	71.35	41.00	474	1891	2000	110	1.8	90.0	89.1	90.9	91.8	94.5	95.5	95.5	93.6	93.6	92.7	90.0	90.9
231	38612	Nasretdinbek	71.93	40.68	428	1958	1999	42	0.0	100.0	100.0	100.0	100.0	100.0	100.0	100.0	100.0	100.0	100.0	100.0	100.0
231	38567	Navoi	65.35	40.13	347	1961	1995	35	0.0	97.9	100.0	100.0	95.7	97.9	91.5	93.6	93.6	85.1	95.7	97.9	95.7
231		Nishbash	70.18	40.93	1085	1953	1999	47	0.0	97.9	97.9	91.5	97.9	95.7	95.7	97.9	80.9	87.2	93.6	100.0	97.9
231	38264	Nukus	59.61	42.45	75	1936	2000	65	1.7	96.9	95.4	96.9	95.4	96.9	98.5	98.5	98.5	98.5	92.3	93.8	96.9
231	38565	Nurata sovhoz	65.68	40.55	485	1956	2000	45	0.0	100.0	100.0	100.0	100.0	100.0	100.0	100.0	100.0	100.0	97.8	100.0	100.0
231	38339	Oigaing	70.88	42.17	2151	1962	2002	41	0.0	97.6	95.1	95.1	95.1	95.1	95.1	95.1	95.1	95.1	95.1	95.1	97.6
231		Paitug	72.17	40.90	503	1938	1987	50	0.0	100.0	100.0	100.0	100.0	100.0	100.0	100.0	100.0	100.0	100.0	100.0	100.0
231	38605	Pap	71.12	40.88	442	1948	1999	52	0.0	96.2	98.1	98.1	98.1	100.0	100.0	100.0	100.0	100.0	100.0	100.0	100.0
231	38462	Pskem	70.37	41.90	1256	1933	2002	70	0.0	98.6	98.6	98.6	98.6	98.6	97.1	98.6	98.6	97.1	98.6	98.6	98.6
231		Samarchuk	70.03	40.60	1031	1948	1999	52	0.0	96.2	98.1	98.1	98.1	96.2	98.1	92.3	98.1	88.5	98.1	100.0	98.1
231	38696	Samarkand	67.00	39.70	726	1891	2000	110	0.9	95.5	97.3	97.3	95.5	96.4	96.4	99.1	99.1	95.5	94.5	96.4	95.5
231	38711	Sanzar	68.02	39.72	1313	1934	1999	66	1.5	98.5	98.5	98.5	98.5	98.5	98.5	98.5	98.5	97.0	98.5	98.5	98.5
231		Sazagan	66.72	39.53	800	1937	1999	63	9.5	85.7	88.9	84.1	85.7	85.7	85.7	85.7	85.7	87.3	84.1	82.5	87.3
231	38708	Severtsova Glacier	67.65	39.12	2780	1960	1999	40	0.0	100.0	100.0	100.0	100.0	97.5	100.0	97.5	97.5	97.5	97.5	97.5	100.0
231	38699	Shahrisabs	66.83	39.07	625	1927	1999	73	2.7	95.9	97.3	94.5	95.9	95.9	95.9	95.9	97.3	94.5	94.5	94.5	95.9
231	38921	Sherabad	67.02	37.67	417	1927	1999	73	0.0	95.9	95.9	98.6	98.6	97.3	97.3	98.6	98.6	98.6	97.3	95.9	97.3
231	38828	Shurchi-mst	67.80	38.00	448	1959	1999	41	0.0	97.6	97.6	100.0	97.6	95.1	95.1	97.6	97.6	92.7	95.1	97.6	95.1
231		Shurchi-post	67.73	37.90	420	1935	1999	65	10.8	80.0	86.2	86.2	86.2	84.6	87.7	89.2	89.2	87.7	83.1	84.6	84.6
231		Soldatskoe	68.80	40.80	248	1954	1999	46	0.0	95.7	95.7	97.8	97.8	97.8	89.1	100.0	100.0	87.0	93.5	93.5	93.5
231		Sukok	69.68	41.17	1351	1942	1999	58	31.0	69.0	69.0	69.0	69.0	69.0	69.0	69.0	69.0	69.0	67.2	67.2	69.0
231	38583	Syrdarya	68.68	40.81	264	1961	1995	35	0.0	100.0	100.0	100.0	97.7	97.7	97.7	95.5	88.6	95.5	97.7	97.7	97.7
231	38265	Takhiatash	59.57	42.34	76	1953	1996	44	0.0	100.0	100.0	100.0	97.7	100.0	100.0	100.0	100.0	100.0	97.7	97.7	97.7
231	38413	Tamdy	64.61	41.73	263	1932	2000	69	0.0	97.1	97.1	97.1	97.1	98.6	100.0	100.0	100.0	100.0	98.6	97.1	97.1
231	38457	Tashkent	69.30	41.33	477	1877	2001	125	0.0	99.0	99.0	99.0	100.0	100.0	100.0	100.0	100.0	98.0	99.0	99.0	98.0
231	38927	Termez	67.32	37.28	309	1900	2000	101	7.0	89.1	89.1	87.1	88.1	89.1	91.1	92.1	93.1	92.1	90.1	91.1	91.1
231	38143	Tigrovyi Mys	58.85	44.08	54	1953	1993	41	3.6	97.6	97.6	97.6	95.1	97.6	97.6	97.6	97.6	97.6	97.6	95.1	97.6
231		Toitepa	69.22	41.04	388	1976	1999	24	0.0	100.0	100.0	100.0	100.0	100.0	100.0	100.0	100.0	100.0	100.0	87.5	95.8
231	38396	Turtkul	61.03	41.45	109	1891	1996	106	17.0	79.2	79.2	80.2	81.1	79.2	82.1	83.0	83.0	83.0	82.1	80.2	77.4
231	38592	Tuyabuguz	69.40	40.93	404	1973	1999	27	0.0	100.0	100.0	100.0	100.0	100.0	100.0	100.0	100.0	100.0	100.0	100.0	100.0
231	38694	Ulus	66.33	39.62	527	1956	1999	44	0.0	100.0	100.0	100.0	100.0	100.0	100.0	100.0	100.0	100.0	100.0	100.0	100.0
231	38396	Urgench	60.63	41.57	100	1941	2000	60	1.7	98.3	98.3	98.3	98.3	98.3	98.3	98.3	98.3	98.3	96.7	96.7	98.3
231		ustie r. Dzhulaisai	70.73	41.00	1079	1953	1999	47	0.0	97.9	97.9	95.7	97.9	97.9	97.9	100.0	100.0	100.0	100.0	97.9	100.0
231		ustie r. Kurbankul	71.80	40.00	1475	1947	1999	53	0.0	96.2	94.3	94.3	96.2	94.3	96.2	96.2	96.2	96.2	94.3	92.5	96.2
231		ustie r. Maidantal	70.60	42.00	1492	1940	1999	60	21.7	71.7	73.3	76.7	68.3	70.0	68.3	68.3	66.7	66.7	65.0	65.0	63.3
231		ustie r. Obizarang	68.00	38.05	548	1976	1999	24	0.0	95.8	100.0	100.0	100.0	100.0	100.0	100.0	100.0	100.0	100.0	100.0	95.8
231		Yangi-akchob	66.47	40.28	810	1947	1999	53	0.0	96.2	96.2	98.1	98.1	98.1	92.5	100.0	100.0	94.3	96.2	98.1	100.0
231	38712	Zaamin	68.40	39.96	626	1967	1992	26	0.0	96.2	100.0	100.0	100.0	100.0	100.0	100.0	100.0	96.2	96.2	96.2	96.2
231		Zarchob	67.90	38.26	694	1933	1999	67	1.5	92.5	92.5	95.5	95.5	95.5	95.5	94.0	95.5	95.5	95.5	94.0	94.0
																					
211		Kazakhstan	47					3628	3.7	92.8	93.1	93.5	93.2	93.3	93.7	93.2	93.0	92.9	93.1	93.4	92.7
213		Kyrgyzstan	53					3007	2.5	95.0	94.6	94.7	94.6	95.3	95.3	94.7	95.2	94.8	94.8	94.5	94.2
227		Tadjikistan	40					2167	1.3	95.0	94.5	94.6	95.4	95.9	95.7	94.9	95.2	92.6	93.3	94.0	94.6
229		Turkmenistan	14					1251	4.2	92.3	92.5	91.9	92.3	92.6	94.2	94.9	95.0	94.8	92.1	91.9	92.2
231		Uzbekistan	116					6308	3.9	93.6	93.9	93.9	93.8	93.8	93.7	93.1	92.9	92.1	93.1	93.0	93.1
		in TOTAL	270					16361													
																					
		Alt<=500 m			93			6340													
		500<Alt<=1500 m			101			5838													
		1500<Alt<=2500 m			47			2562													
		Alt>2500 m			29			1514													
					270			16254													
																					
		Alt>1000			116																
